Input data for 2D linear elastic continuum
Specify the number of elements
1875
Specify the element data as follows
Elem_number MaterialID Four node numbers in the CCW direction
1 1 1 27 28 2 
2 1 2 28 29 3 
3 1 3 29 30 4 
4 1 4 30 31 5 
5 1 5 31 32 6 
6 1 6 32 33 7 
7 1 7 33 34 8 
8 1 8 34 35 9 
9 1 9 35 36 10 
10 1 10 36 37 11 
11 1 11 37 38 12 
12 1 12 38 39 13 
13 1 13 39 40 14 
14 1 14 40 41 15 
15 1 15 41 42 16 
16 1 16 42 43 17 
17 1 17 43 44 18 
18 1 18 44 45 19 
19 1 19 45 46 20 
20 1 20 46 47 21 
21 1 21 47 48 22 
22 1 22 48 49 23 
23 1 23 49 50 24 
24 1 24 50 51 25 
25 1 25 51 52 26 
26 1 27 53 54 28 
27 1 28 54 55 29 
28 1 29 55 56 30 
29 1 30 56 57 31 
30 1 31 57 58 32 
31 1 32 58 59 33 
32 1 33 59 60 34 
33 1 34 60 61 35 
34 1 35 61 62 36 
35 1 36 62 63 37 
36 1 37 63 64 38 
37 1 38 64 65 39 
38 1 39 65 66 40 
39 1 40 66 67 41 
40 1 41 67 68 42 
41 1 42 68 69 43 
42 1 43 69 70 44 
43 1 44 70 71 45 
44 1 45 71 72 46 
45 1 46 72 73 47 
46 1 47 73 74 48 
47 1 48 74 75 49 
48 1 49 75 76 50 
49 1 50 76 77 51 
50 1 51 77 78 52 
51 1 53 79 80 54 
52 1 54 80 81 55 
53 1 55 81 82 56 
54 1 56 82 83 57 
55 1 57 83 84 58 
56 1 58 84 85 59 
57 1 59 85 86 60 
58 1 60 86 87 61 
59 1 61 87 88 62 
60 1 62 88 89 63 
61 1 63 89 90 64 
62 1 64 90 91 65 
63 1 65 91 92 66 
64 1 66 92 93 67 
65 1 67 93 94 68 
66 1 68 94 95 69 
67 1 69 95 96 70 
68 1 70 96 97 71 
69 1 71 97 98 72 
70 1 72 98 99 73 
71 1 73 99 100 74 
72 1 74 100 101 75 
73 1 75 101 102 76 
74 1 76 102 103 77 
75 1 77 103 104 78 
76 1 79 105 106 80 
77 1 80 106 107 81 
78 1 81 107 108 82 
79 1 82 108 109 83 
80 1 83 109 110 84 
81 1 84 110 111 85 
82 1 85 111 112 86 
83 1 86 112 113 87 
84 1 87 113 114 88 
85 1 88 114 115 89 
86 1 89 115 116 90 
87 1 90 116 117 91 
88 1 91 117 118 92 
89 1 92 118 119 93 
90 1 93 119 120 94 
91 1 94 120 121 95 
92 1 95 121 122 96 
93 1 96 122 123 97 
94 1 97 123 124 98 
95 1 98 124 125 99 
96 1 99 125 126 100 
97 1 100 126 127 101 
98 1 101 127 128 102 
99 1 102 128 129 103 
100 1 103 129 130 104 
101 1 105 131 132 106 
102 1 106 132 133 107 
103 1 107 133 134 108 
104 1 108 134 135 109 
105 1 109 135 136 110 
106 1 110 136 137 111 
107 1 111 137 138 112 
108 1 112 138 139 113 
109 1 113 139 140 114 
110 1 114 140 141 115 
111 1 115 141 142 116 
112 1 116 142 143 117 
113 1 117 143 144 118 
114 1 118 144 145 119 
115 1 119 145 146 120 
116 1 120 146 147 121 
117 1 121 147 148 122 
118 1 122 148 149 123 
119 1 123 149 150 124 
120 1 124 150 151 125 
121 1 125 151 152 126 
122 1 126 152 153 127 
123 1 127 153 154 128 
124 1 128 154 155 129 
125 1 129 155 156 130 
126 1 131 157 158 132 
127 1 132 158 159 133 
128 1 133 159 160 134 
129 1 134 160 161 135 
130 1 135 161 162 136 
131 1 136 162 163 137 
132 1 137 163 164 138 
133 1 138 164 165 139 
134 1 139 165 166 140 
135 1 140 166 167 141 
136 1 141 167 168 142 
137 1 142 168 169 143 
138 1 143 169 170 144 
139 1 144 170 171 145 
140 1 145 171 172 146 
141 1 146 172 173 147 
142 1 147 173 174 148 
143 1 148 174 175 149 
144 1 149 175 176 150 
145 1 150 176 177 151 
146 1 151 177 178 152 
147 1 152 178 179 153 
148 1 153 179 180 154 
149 1 154 180 181 155 
150 1 155 181 182 156 
151 1 157 183 184 158 
152 1 158 184 185 159 
153 1 159 185 186 160 
154 1 160 186 187 161 
155 1 161 187 188 162 
156 1 162 188 189 163 
157 1 163 189 190 164 
158 1 164 190 191 165 
159 1 165 191 192 166 
160 1 166 192 193 167 
161 1 167 193 194 168 
162 1 168 194 195 169 
163 1 169 195 196 170 
164 1 170 196 197 171 
165 1 171 197 198 172 
166 1 172 198 199 173 
167 1 173 199 200 174 
168 1 174 200 201 175 
169 1 175 201 202 176 
170 1 176 202 203 177 
171 1 177 203 204 178 
172 1 178 204 205 179 
173 1 179 205 206 180 
174 1 180 206 207 181 
175 1 181 207 208 182 
176 1 183 209 210 184 
177 1 184 210 211 185 
178 1 185 211 212 186 
179 1 186 212 213 187 
180 1 187 213 214 188 
181 1 188 214 215 189 
182 1 189 215 216 190 
183 1 190 216 217 191 
184 1 191 217 218 192 
185 1 192 218 219 193 
186 1 193 219 220 194 
187 1 194 220 221 195 
188 1 195 221 222 196 
189 1 196 222 223 197 
190 1 197 223 224 198 
191 1 198 224 225 199 
192 1 199 225 226 200 
193 1 200 226 227 201 
194 1 201 227 228 202 
195 1 202 228 229 203 
196 1 203 229 230 204 
197 1 204 230 231 205 
198 1 205 231 232 206 
199 1 206 232 233 207 
200 1 207 233 234 208 
201 1 209 235 236 210 
202 1 210 236 237 211 
203 1 211 237 238 212 
204 1 212 238 239 213 
205 1 213 239 240 214 
206 1 214 240 241 215 
207 1 215 241 242 216 
208 1 216 242 243 217 
209 1 217 243 244 218 
210 1 218 244 245 219 
211 1 219 245 246 220 
212 1 220 246 247 221 
213 1 221 247 248 222 
214 1 222 248 249 223 
215 1 223 249 250 224 
216 1 224 250 251 225 
217 1 225 251 252 226 
218 1 226 252 253 227 
219 1 227 253 254 228 
220 1 228 254 255 229 
221 1 229 255 256 230 
222 1 230 256 257 231 
223 1 231 257 258 232 
224 1 232 258 259 233 
225 1 233 259 260 234 
226 1 235 261 262 236 
227 1 236 262 263 237 
228 1 237 263 264 238 
229 1 238 264 265 239 
230 1 239 265 266 240 
231 1 240 266 267 241 
232 1 241 267 268 242 
233 1 242 268 269 243 
234 1 243 269 270 244 
235 1 244 270 271 245 
236 1 245 271 272 246 
237 1 246 272 273 247 
238 1 247 273 274 248 
239 1 248 274 275 249 
240 1 249 275 276 250 
241 1 250 276 277 251 
242 1 251 277 278 252 
243 1 252 278 279 253 
244 1 253 279 280 254 
245 1 254 280 281 255 
246 1 255 281 282 256 
247 1 256 282 283 257 
248 1 257 283 284 258 
249 1 258 284 285 259 
250 1 259 285 286 260 
251 1 261 287 288 262 
252 1 262 288 289 263 
253 1 263 289 290 264 
254 1 264 290 291 265 
255 1 265 291 292 266 
256 1 266 292 293 267 
257 1 267 293 294 268 
258 1 268 294 295 269 
259 1 269 295 296 270 
260 1 270 296 297 271 
261 1 271 297 298 272 
262 1 272 298 299 273 
263 1 273 299 300 274 
264 1 274 300 301 275 
265 1 275 301 302 276 
266 1 276 302 303 277 
267 1 277 303 304 278 
268 1 278 304 305 279 
269 1 279 305 306 280 
270 1 280 306 307 281 
271 1 281 307 308 282 
272 1 282 308 309 283 
273 1 283 309 310 284 
274 1 284 310 311 285 
275 1 285 311 312 286 
276 1 287 313 314 288 
277 1 288 314 315 289 
278 1 289 315 316 290 
279 1 290 316 317 291 
280 1 291 317 318 292 
281 1 292 318 319 293 
282 1 293 319 320 294 
283 1 294 320 321 295 
284 1 295 321 322 296 
285 1 296 322 323 297 
286 1 297 323 324 298 
287 1 298 324 325 299 
288 1 299 325 326 300 
289 1 300 326 327 301 
290 1 301 327 328 302 
291 1 302 328 329 303 
292 1 303 329 330 304 
293 1 304 330 331 305 
294 1 305 331 332 306 
295 1 306 332 333 307 
296 1 307 333 334 308 
297 1 308 334 335 309 
298 1 309 335 336 310 
299 1 310 336 337 311 
300 1 311 337 338 312 
301 1 313 339 340 314 
302 1 314 340 341 315 
303 1 315 341 342 316 
304 1 316 342 343 317 
305 1 317 343 344 318 
306 1 318 344 345 319 
307 1 319 345 346 320 
308 1 320 346 347 321 
309 1 321 347 348 322 
310 1 322 348 349 323 
311 1 323 349 350 324 
312 1 324 350 351 325 
313 1 325 351 352 326 
314 1 326 352 353 327 
315 1 327 353 354 328 
316 1 328 354 355 329 
317 1 329 355 356 330 
318 1 330 356 357 331 
319 1 331 357 358 332 
320 1 332 358 359 333 
321 1 333 359 360 334 
322 1 334 360 361 335 
323 1 335 361 362 336 
324 1 336 362 363 337 
325 1 337 363 364 338 
326 1 339 365 366 340 
327 1 340 366 367 341 
328 1 341 367 368 342 
329 1 342 368 369 343 
330 1 343 369 370 344 
331 1 344 370 371 345 
332 1 345 371 372 346 
333 1 346 372 373 347 
334 1 347 373 374 348 
335 1 348 374 375 349 
336 1 349 375 376 350 
337 1 350 376 377 351 
338 1 351 377 378 352 
339 1 352 378 379 353 
340 1 353 379 380 354 
341 1 354 380 381 355 
342 1 355 381 382 356 
343 1 356 382 383 357 
344 1 357 383 384 358 
345 1 358 384 385 359 
346 1 359 385 386 360 
347 1 360 386 387 361 
348 1 361 387 388 362 
349 1 362 388 389 363 
350 1 363 389 390 364 
351 1 365 391 392 366 
352 1 366 392 393 367 
353 1 367 393 394 368 
354 1 368 394 395 369 
355 1 369 395 396 370 
356 1 370 396 397 371 
357 1 371 397 398 372 
358 1 372 398 399 373 
359 1 373 399 400 374 
360 1 374 400 401 375 
361 1 375 401 402 376 
362 1 376 402 403 377 
363 1 377 403 404 378 
364 1 378 404 405 379 
365 1 379 405 406 380 
366 1 380 406 407 381 
367 1 381 407 408 382 
368 1 382 408 409 383 
369 1 383 409 410 384 
370 1 384 410 411 385 
371 1 385 411 412 386 
372 1 386 412 413 387 
373 1 387 413 414 388 
374 1 388 414 415 389 
375 1 389 415 416 390 
376 1 391 417 418 392 
377 1 392 418 419 393 
378 1 393 419 420 394 
379 1 394 420 421 395 
380 1 395 421 422 396 
381 1 396 422 423 397 
382 1 397 423 424 398 
383 1 398 424 425 399 
384 1 399 425 426 400 
385 1 400 426 427 401 
386 1 401 427 428 402 
387 1 402 428 429 403 
388 1 403 429 430 404 
389 1 404 430 431 405 
390 1 405 431 432 406 
391 1 406 432 433 407 
392 1 407 433 434 408 
393 1 408 434 435 409 
394 1 409 435 436 410 
395 1 410 436 437 411 
396 1 411 437 438 412 
397 1 412 438 439 413 
398 1 413 439 440 414 
399 1 414 440 441 415 
400 1 415 441 442 416 
401 1 417 443 444 418 
402 1 418 444 445 419 
403 1 419 445 446 420 
404 1 420 446 447 421 
405 1 421 447 448 422 
406 1 422 448 449 423 
407 1 423 449 450 424 
408 1 424 450 451 425 
409 1 425 451 452 426 
410 1 426 452 453 427 
411 1 427 453 454 428 
412 1 428 454 455 429 
413 1 429 455 456 430 
414 1 430 456 457 431 
415 1 431 457 458 432 
416 1 432 458 459 433 
417 1 433 459 460 434 
418 1 434 460 461 435 
419 1 435 461 462 436 
420 1 436 462 463 437 
421 1 437 463 464 438 
422 1 438 464 465 439 
423 1 439 465 466 440 
424 1 440 466 467 441 
425 1 441 467 468 442 
426 1 443 469 470 444 
427 1 444 470 471 445 
428 1 445 471 472 446 
429 1 446 472 473 447 
430 1 447 473 474 448 
431 1 448 474 475 449 
432 1 449 475 476 450 
433 1 450 476 477 451 
434 1 451 477 478 452 
435 1 452 478 479 453 
436 1 453 479 480 454 
437 1 454 480 481 455 
438 1 455 481 482 456 
439 1 456 482 483 457 
440 1 457 483 484 458 
441 1 458 484 485 459 
442 1 459 485 486 460 
443 1 460 486 487 461 
444 1 461 487 488 462 
445 1 462 488 489 463 
446 1 463 489 490 464 
447 1 464 490 491 465 
448 1 465 491 492 466 
449 1 466 492 493 467 
450 1 467 493 494 468 
451 1 469 495 496 470 
452 1 470 496 497 471 
453 1 471 497 498 472 
454 1 472 498 499 473 
455 1 473 499 500 474 
456 1 474 500 501 475 
457 1 475 501 502 476 
458 1 476 502 503 477 
459 1 477 503 504 478 
460 1 478 504 505 479 
461 1 479 505 506 480 
462 1 480 506 507 481 
463 1 481 507 508 482 
464 1 482 508 509 483 
465 1 483 509 510 484 
466 1 484 510 511 485 
467 1 485 511 512 486 
468 1 486 512 513 487 
469 1 487 513 514 488 
470 1 488 514 515 489 
471 1 489 515 516 490 
472 1 490 516 517 491 
473 1 491 517 518 492 
474 1 492 518 519 493 
475 1 493 519 520 494 
476 1 495 521 522 496 
477 1 496 522 523 497 
478 1 497 523 524 498 
479 1 498 524 525 499 
480 1 499 525 526 500 
481 1 500 526 527 501 
482 1 501 527 528 502 
483 1 502 528 529 503 
484 1 503 529 530 504 
485 1 504 530 531 505 
486 1 505 531 532 506 
487 1 506 532 533 507 
488 1 507 533 534 508 
489 1 508 534 535 509 
490 1 509 535 536 510 
491 1 510 536 537 511 
492 1 511 537 538 512 
493 1 512 538 539 513 
494 1 513 539 540 514 
495 1 514 540 541 515 
496 1 515 541 542 516 
497 1 516 542 543 517 
498 1 517 543 544 518 
499 1 518 544 545 519 
500 1 519 545 546 520 
501 1 521 547 548 522 
502 1 522 548 549 523 
503 1 523 549 550 524 
504 1 524 550 551 525 
505 1 525 551 552 526 
506 1 526 552 553 527 
507 1 527 553 554 528 
508 1 528 554 555 529 
509 1 529 555 556 530 
510 1 530 556 557 531 
511 1 531 557 558 532 
512 1 532 558 559 533 
513 1 533 559 560 534 
514 1 534 560 561 535 
515 1 535 561 562 536 
516 1 536 562 563 537 
517 1 537 563 564 538 
518 1 538 564 565 539 
519 1 539 565 566 540 
520 1 540 566 567 541 
521 1 541 567 568 542 
522 1 542 568 569 543 
523 1 543 569 570 544 
524 1 544 570 571 545 
525 1 545 571 572 546 
526 1 547 573 574 548 
527 1 548 574 575 549 
528 1 549 575 576 550 
529 1 550 576 577 551 
530 1 551 577 578 552 
531 1 552 578 579 553 
532 1 553 579 580 554 
533 1 554 580 581 555 
534 1 555 581 582 556 
535 1 556 582 583 557 
536 1 557 583 584 558 
537 1 558 584 585 559 
538 1 559 585 586 560 
539 1 560 586 587 561 
540 1 561 587 588 562 
541 1 562 588 589 563 
542 1 563 589 590 564 
543 1 564 590 591 565 
544 1 565 591 592 566 
545 1 566 592 593 567 
546 1 567 593 594 568 
547 1 568 594 595 569 
548 1 569 595 596 570 
549 1 570 596 597 571 
550 1 571 597 598 572 
551 1 573 599 600 574 
552 1 574 600 601 575 
553 1 575 601 602 576 
554 1 576 602 603 577 
555 1 577 603 604 578 
556 1 578 604 605 579 
557 1 579 605 606 580 
558 1 580 606 607 581 
559 1 581 607 608 582 
560 1 582 608 609 583 
561 1 583 609 610 584 
562 1 584 610 611 585 
563 1 585 611 612 586 
564 1 586 612 613 587 
565 1 587 613 614 588 
566 1 588 614 615 589 
567 1 589 615 616 590 
568 1 590 616 617 591 
569 1 591 617 618 592 
570 1 592 618 619 593 
571 1 593 619 620 594 
572 1 594 620 621 595 
573 1 595 621 622 596 
574 1 596 622 623 597 
575 1 597 623 624 598 
576 1 599 625 626 600 
577 1 600 626 627 601 
578 1 601 627 628 602 
579 1 602 628 629 603 
580 1 603 629 630 604 
581 1 604 630 631 605 
582 1 605 631 632 606 
583 1 606 632 633 607 
584 1 607 633 634 608 
585 1 608 634 635 609 
586 1 609 635 636 610 
587 1 610 636 637 611 
588 1 611 637 638 612 
589 1 612 638 639 613 
590 1 613 639 640 614 
591 1 614 640 641 615 
592 1 615 641 642 616 
593 1 616 642 643 617 
594 1 617 643 644 618 
595 1 618 644 645 619 
596 1 619 645 646 620 
597 1 620 646 647 621 
598 1 621 647 648 622 
599 1 622 648 649 623 
600 1 623 649 650 624 
601 1 625 651 652 626 
602 1 626 652 653 627 
603 1 627 653 654 628 
604 1 628 654 655 629 
605 1 629 655 656 630 
606 1 630 656 657 631 
607 1 631 657 658 632 
608 1 632 658 659 633 
609 1 633 659 660 634 
610 1 634 660 661 635 
611 1 635 661 662 636 
612 1 636 662 663 637 
613 1 637 663 664 638 
614 1 638 664 665 639 
615 1 639 665 666 640 
616 1 640 666 667 641 
617 1 641 667 668 642 
618 1 642 668 669 643 
619 1 643 669 670 644 
620 1 644 670 671 645 
621 1 645 671 672 646 
622 1 646 672 673 647 
623 1 647 673 674 648 
624 1 648 674 675 649 
625 1 649 675 676 650 
626 1 651 677 678 652 
627 1 652 678 679 653 
628 1 653 679 680 654 
629 1 654 680 681 655 
630 1 655 681 682 656 
631 1 656 682 683 657 
632 1 657 683 684 658 
633 1 658 684 685 659 
634 1 659 685 686 660 
635 1 660 686 687 661 
636 1 661 687 688 662 
637 1 662 688 689 663 
638 1 663 689 690 664 
639 1 664 690 691 665 
640 1 665 691 692 666 
641 1 666 692 693 667 
642 1 667 693 694 668 
643 1 668 694 695 669 
644 1 669 695 696 670 
645 1 670 696 697 671 
646 1 671 697 698 672 
647 1 672 698 699 673 
648 1 673 699 700 674 
649 1 674 700 701 675 
650 1 675 701 702 676 
651 1 677 703 704 678 
652 1 678 704 705 679 
653 1 679 705 706 680 
654 1 680 706 707 681 
655 1 681 707 708 682 
656 1 682 708 709 683 
657 1 683 709 710 684 
658 1 684 710 711 685 
659 1 685 711 712 686 
660 1 686 712 713 687 
661 1 687 713 714 688 
662 1 688 714 715 689 
663 1 689 715 716 690 
664 1 690 716 717 691 
665 1 691 717 718 692 
666 1 692 718 719 693 
667 1 693 719 720 694 
668 1 694 720 721 695 
669 1 695 721 722 696 
670 1 696 722 723 697 
671 1 697 723 724 698 
672 1 698 724 725 699 
673 1 699 725 726 700 
674 1 700 726 727 701 
675 1 701 727 728 702 
676 1 703 729 730 704 
677 1 704 730 731 705 
678 1 705 731 732 706 
679 1 706 732 733 707 
680 1 707 733 734 708 
681 1 708 734 735 709 
682 1 709 735 736 710 
683 1 710 736 737 711 
684 1 711 737 738 712 
685 1 712 738 739 713 
686 1 713 739 740 714 
687 1 714 740 741 715 
688 1 715 741 742 716 
689 1 716 742 743 717 
690 1 717 743 744 718 
691 1 718 744 745 719 
692 1 719 745 746 720 
693 1 720 746 747 721 
694 1 721 747 748 722 
695 1 722 748 749 723 
696 1 723 749 750 724 
697 1 724 750 751 725 
698 1 725 751 752 726 
699 1 726 752 753 727 
700 1 727 753 754 728 
701 1 729 755 756 730 
702 1 730 756 757 731 
703 1 731 757 758 732 
704 1 732 758 759 733 
705 1 733 759 760 734 
706 1 734 760 761 735 
707 1 735 761 762 736 
708 1 736 762 763 737 
709 1 737 763 764 738 
710 1 738 764 765 739 
711 1 739 765 766 740 
712 1 740 766 767 741 
713 1 741 767 768 742 
714 1 742 768 769 743 
715 1 743 769 770 744 
716 1 744 770 771 745 
717 1 745 771 772 746 
718 1 746 772 773 747 
719 1 747 773 774 748 
720 1 748 774 775 749 
721 1 749 775 776 750 
722 1 750 776 777 751 
723 1 751 777 778 752 
724 1 752 778 779 753 
725 1 753 779 780 754 
726 1 755 781 782 756 
727 1 756 782 783 757 
728 1 757 783 784 758 
729 1 758 784 785 759 
730 1 759 785 786 760 
731 1 760 786 787 761 
732 1 761 787 788 762 
733 1 762 788 789 763 
734 1 763 789 790 764 
735 1 764 790 791 765 
736 1 765 791 792 766 
737 1 766 792 793 767 
738 1 767 793 794 768 
739 1 768 794 795 769 
740 1 769 795 796 770 
741 1 770 796 797 771 
742 1 771 797 798 772 
743 1 772 798 799 773 
744 1 773 799 800 774 
745 1 774 800 801 775 
746 1 775 801 802 776 
747 1 776 802 803 777 
748 1 777 803 804 778 
749 1 778 804 805 779 
750 1 779 805 806 780 
751 1 781 807 808 782 
752 1 782 808 809 783 
753 1 783 809 810 784 
754 1 784 810 811 785 
755 1 785 811 812 786 
756 1 786 812 813 787 
757 1 787 813 814 788 
758 1 788 814 815 789 
759 1 789 815 816 790 
760 1 790 816 817 791 
761 1 791 817 818 792 
762 1 792 818 819 793 
763 1 793 819 820 794 
764 1 794 820 821 795 
765 1 795 821 822 796 
766 1 796 822 823 797 
767 1 797 823 824 798 
768 1 798 824 825 799 
769 1 799 825 826 800 
770 1 800 826 827 801 
771 1 801 827 828 802 
772 1 802 828 829 803 
773 1 803 829 830 804 
774 1 804 830 831 805 
775 1 805 831 832 806 
776 1 807 833 834 808 
777 1 808 834 835 809 
778 1 809 835 836 810 
779 1 810 836 837 811 
780 1 811 837 838 812 
781 1 812 838 839 813 
782 1 813 839 840 814 
783 1 814 840 841 815 
784 1 815 841 842 816 
785 1 816 842 843 817 
786 1 817 843 844 818 
787 1 818 844 845 819 
788 1 819 845 846 820 
789 1 820 846 847 821 
790 1 821 847 848 822 
791 1 822 848 849 823 
792 1 823 849 850 824 
793 1 824 850 851 825 
794 1 825 851 852 826 
795 1 826 852 853 827 
796 1 827 853 854 828 
797 1 828 854 855 829 
798 1 829 855 856 830 
799 1 830 856 857 831 
800 1 831 857 858 832 
801 1 833 859 860 834 
802 1 834 860 861 835 
803 1 835 861 862 836 
804 1 836 862 863 837 
805 1 837 863 864 838 
806 1 838 864 865 839 
807 1 839 865 866 840 
808 1 840 866 867 841 
809 1 841 867 868 842 
810 1 842 868 869 843 
811 1 843 869 870 844 
812 1 844 870 871 845 
813 1 845 871 872 846 
814 1 846 872 873 847 
815 1 847 873 874 848 
816 1 848 874 875 849 
817 1 849 875 876 850 
818 1 850 876 877 851 
819 1 851 877 878 852 
820 1 852 878 879 853 
821 1 853 879 880 854 
822 1 854 880 881 855 
823 1 855 881 882 856 
824 1 856 882 883 857 
825 1 857 883 884 858 
826 1 859 885 886 860 
827 1 860 886 887 861 
828 1 861 887 888 862 
829 1 862 888 889 863 
830 1 863 889 890 864 
831 1 864 890 891 865 
832 1 865 891 892 866 
833 1 866 892 893 867 
834 1 867 893 894 868 
835 1 868 894 895 869 
836 1 869 895 896 870 
837 1 870 896 897 871 
838 1 871 897 898 872 
839 1 872 898 899 873 
840 1 873 899 900 874 
841 1 874 900 901 875 
842 1 875 901 902 876 
843 1 876 902 903 877 
844 1 877 903 904 878 
845 1 878 904 905 879 
846 1 879 905 906 880 
847 1 880 906 907 881 
848 1 881 907 908 882 
849 1 882 908 909 883 
850 1 883 909 910 884 
851 1 885 911 912 886 
852 1 886 912 913 887 
853 1 887 913 914 888 
854 1 888 914 915 889 
855 1 889 915 916 890 
856 1 890 916 917 891 
857 1 891 917 918 892 
858 1 892 918 919 893 
859 1 893 919 920 894 
860 1 894 920 921 895 
861 1 895 921 922 896 
862 1 896 922 923 897 
863 1 897 923 924 898 
864 1 898 924 925 899 
865 1 899 925 926 900 
866 1 900 926 927 901 
867 1 901 927 928 902 
868 1 902 928 929 903 
869 1 903 929 930 904 
870 1 904 930 931 905 
871 1 905 931 932 906 
872 1 906 932 933 907 
873 1 907 933 934 908 
874 1 908 934 935 909 
875 1 909 935 936 910 
876 1 911 937 938 912 
877 1 912 938 939 913 
878 1 913 939 940 914 
879 1 914 940 941 915 
880 1 915 941 942 916 
881 1 916 942 943 917 
882 1 917 943 944 918 
883 1 918 944 945 919 
884 1 919 945 946 920 
885 1 920 946 947 921 
886 1 921 947 948 922 
887 1 922 948 949 923 
888 1 923 949 950 924 
889 1 924 950 951 925 
890 1 925 951 952 926 
891 1 926 952 953 927 
892 1 927 953 954 928 
893 1 928 954 955 929 
894 1 929 955 956 930 
895 1 930 956 957 931 
896 1 931 957 958 932 
897 1 932 958 959 933 
898 1 933 959 960 934 
899 1 934 960 961 935 
900 1 935 961 962 936 
901 1 937 963 964 938 
902 1 938 964 965 939 
903 1 939 965 966 940 
904 1 940 966 967 941 
905 1 941 967 968 942 
906 1 942 968 969 943 
907 1 943 969 970 944 
908 1 944 970 971 945 
909 1 945 971 972 946 
910 1 946 972 973 947 
911 1 947 973 974 948 
912 1 948 974 975 949 
913 1 949 975 976 950 
914 1 950 976 977 951 
915 1 951 977 978 952 
916 1 952 978 979 953 
917 1 953 979 980 954 
918 1 954 980 981 955 
919 1 955 981 982 956 
920 1 956 982 983 957 
921 1 957 983 984 958 
922 1 958 984 985 959 
923 1 959 985 986 960 
924 1 960 986 987 961 
925 1 961 987 988 962 
926 1 963 989 990 964 
927 1 964 990 991 965 
928 1 965 991 992 966 
929 1 966 992 993 967 
930 1 967 993 994 968 
931 1 968 994 995 969 
932 1 969 995 996 970 
933 1 970 996 997 971 
934 1 971 997 998 972 
935 1 972 998 999 973 
936 1 973 999 1000 974 
937 1 974 1000 1001 975 
938 1 975 1001 1002 976 
939 1 976 1002 1003 977 
940 1 977 1003 1004 978 
941 1 978 1004 1005 979 
942 1 979 1005 1006 980 
943 1 980 1006 1007 981 
944 1 981 1007 1008 982 
945 1 982 1008 1009 983 
946 1 983 1009 1010 984 
947 1 984 1010 1011 985 
948 1 985 1011 1012 986 
949 1 986 1012 1013 987 
950 1 987 1013 1014 988 
951 1 989 1015 1016 990 
952 1 990 1016 1017 991 
953 1 991 1017 1018 992 
954 1 992 1018 1019 993 
955 1 993 1019 1020 994 
956 1 994 1020 1021 995 
957 1 995 1021 1022 996 
958 1 996 1022 1023 997 
959 1 997 1023 1024 998 
960 1 998 1024 1025 999 
961 1 999 1025 1026 1000 
962 1 1000 1026 1027 1001 
963 1 1001 1027 1028 1002 
964 1 1002 1028 1029 1003 
965 1 1003 1029 1030 1004 
966 1 1004 1030 1031 1005 
967 1 1005 1031 1032 1006 
968 1 1006 1032 1033 1007 
969 1 1007 1033 1034 1008 
970 1 1008 1034 1035 1009 
971 1 1009 1035 1036 1010 
972 1 1010 1036 1037 1011 
973 1 1011 1037 1038 1012 
974 1 1012 1038 1039 1013 
975 1 1013 1039 1040 1014 
976 1 1015 1041 1042 1016 
977 1 1016 1042 1043 1017 
978 1 1017 1043 1044 1018 
979 1 1018 1044 1045 1019 
980 1 1019 1045 1046 1020 
981 1 1020 1046 1047 1021 
982 1 1021 1047 1048 1022 
983 1 1022 1048 1049 1023 
984 1 1023 1049 1050 1024 
985 1 1024 1050 1051 1025 
986 1 1025 1051 1052 1026 
987 1 1026 1052 1053 1027 
988 1 1027 1053 1054 1028 
989 1 1028 1054 1055 1029 
990 1 1029 1055 1056 1030 
991 1 1030 1056 1057 1031 
992 1 1031 1057 1058 1032 
993 1 1032 1058 1059 1033 
994 1 1033 1059 1060 1034 
995 1 1034 1060 1061 1035 
996 1 1035 1061 1062 1036 
997 1 1036 1062 1063 1037 
998 1 1037 1063 1064 1038 
999 1 1038 1064 1065 1039 
1000 1 1039 1065 1066 1040 
1001 1 1041 1067 1068 1042 
1002 1 1042 1068 1069 1043 
1003 1 1043 1069 1070 1044 
1004 1 1044 1070 1071 1045 
1005 1 1045 1071 1072 1046 
1006 1 1046 1072 1073 1047 
1007 1 1047 1073 1074 1048 
1008 1 1048 1074 1075 1049 
1009 1 1049 1075 1076 1050 
1010 1 1050 1076 1077 1051 
1011 1 1051 1077 1078 1052 
1012 1 1052 1078 1079 1053 
1013 1 1053 1079 1080 1054 
1014 1 1054 1080 1081 1055 
1015 1 1055 1081 1082 1056 
1016 1 1056 1082 1083 1057 
1017 1 1057 1083 1084 1058 
1018 1 1058 1084 1085 1059 
1019 1 1059 1085 1086 1060 
1020 1 1060 1086 1087 1061 
1021 1 1061 1087 1088 1062 
1022 1 1062 1088 1089 1063 
1023 1 1063 1089 1090 1064 
1024 1 1064 1090 1091 1065 
1025 1 1065 1091 1092 1066 
1026 1 1067 1093 1094 1068 
1027 1 1068 1094 1095 1069 
1028 1 1069 1095 1096 1070 
1029 1 1070 1096 1097 1071 
1030 1 1071 1097 1098 1072 
1031 1 1072 1098 1099 1073 
1032 1 1073 1099 1100 1074 
1033 1 1074 1100 1101 1075 
1034 1 1075 1101 1102 1076 
1035 1 1076 1102 1103 1077 
1036 1 1077 1103 1104 1078 
1037 1 1078 1104 1105 1079 
1038 1 1079 1105 1106 1080 
1039 1 1080 1106 1107 1081 
1040 1 1081 1107 1108 1082 
1041 1 1082 1108 1109 1083 
1042 1 1083 1109 1110 1084 
1043 1 1084 1110 1111 1085 
1044 1 1085 1111 1112 1086 
1045 1 1086 1112 1113 1087 
1046 1 1087 1113 1114 1088 
1047 1 1088 1114 1115 1089 
1048 1 1089 1115 1116 1090 
1049 1 1090 1116 1117 1091 
1050 1 1091 1117 1118 1092 
1051 1 1093 1119 1120 1094 
1052 1 1094 1120 1121 1095 
1053 1 1095 1121 1122 1096 
1054 1 1096 1122 1123 1097 
1055 1 1097 1123 1124 1098 
1056 1 1098 1124 1125 1099 
1057 1 1099 1125 1126 1100 
1058 1 1100 1126 1127 1101 
1059 1 1101 1127 1128 1102 
1060 1 1102 1128 1129 1103 
1061 1 1103 1129 1130 1104 
1062 1 1104 1130 1131 1105 
1063 1 1105 1131 1132 1106 
1064 1 1106 1132 1133 1107 
1065 1 1107 1133 1134 1108 
1066 1 1108 1134 1135 1109 
1067 1 1109 1135 1136 1110 
1068 1 1110 1136 1137 1111 
1069 1 1111 1137 1138 1112 
1070 1 1112 1138 1139 1113 
1071 1 1113 1139 1140 1114 
1072 1 1114 1140 1141 1115 
1073 1 1115 1141 1142 1116 
1074 1 1116 1142 1143 1117 
1075 1 1117 1143 1144 1118 
1076 1 1119 1145 1146 1120 
1077 1 1120 1146 1147 1121 
1078 1 1121 1147 1148 1122 
1079 1 1122 1148 1149 1123 
1080 1 1123 1149 1150 1124 
1081 1 1124 1150 1151 1125 
1082 1 1125 1151 1152 1126 
1083 1 1126 1152 1153 1127 
1084 1 1127 1153 1154 1128 
1085 1 1128 1154 1155 1129 
1086 1 1129 1155 1156 1130 
1087 1 1130 1156 1157 1131 
1088 1 1131 1157 1158 1132 
1089 1 1132 1158 1159 1133 
1090 1 1133 1159 1160 1134 
1091 1 1134 1160 1161 1135 
1092 1 1135 1161 1162 1136 
1093 1 1136 1162 1163 1137 
1094 1 1137 1163 1164 1138 
1095 1 1138 1164 1165 1139 
1096 1 1139 1165 1166 1140 
1097 1 1140 1166 1167 1141 
1098 1 1141 1167 1168 1142 
1099 1 1142 1168 1169 1143 
1100 1 1143 1169 1170 1144 
1101 1 1145 1171 1172 1146 
1102 1 1146 1172 1173 1147 
1103 1 1147 1173 1174 1148 
1104 1 1148 1174 1175 1149 
1105 1 1149 1175 1176 1150 
1106 1 1150 1176 1177 1151 
1107 1 1151 1177 1178 1152 
1108 1 1152 1178 1179 1153 
1109 1 1153 1179 1180 1154 
1110 1 1154 1180 1181 1155 
1111 1 1155 1181 1182 1156 
1112 1 1156 1182 1183 1157 
1113 1 1157 1183 1184 1158 
1114 1 1158 1184 1185 1159 
1115 1 1159 1185 1186 1160 
1116 1 1160 1186 1187 1161 
1117 1 1161 1187 1188 1162 
1118 1 1162 1188 1189 1163 
1119 1 1163 1189 1190 1164 
1120 1 1164 1190 1191 1165 
1121 1 1165 1191 1192 1166 
1122 1 1166 1192 1193 1167 
1123 1 1167 1193 1194 1168 
1124 1 1168 1194 1195 1169 
1125 1 1169 1195 1196 1170 
1126 1 1171 1197 1198 1172 
1127 1 1172 1198 1199 1173 
1128 1 1173 1199 1200 1174 
1129 1 1174 1200 1201 1175 
1130 1 1175 1201 1202 1176 
1131 1 1176 1202 1203 1177 
1132 1 1177 1203 1204 1178 
1133 1 1178 1204 1205 1179 
1134 1 1179 1205 1206 1180 
1135 1 1180 1206 1207 1181 
1136 1 1181 1207 1208 1182 
1137 1 1182 1208 1209 1183 
1138 1 1183 1209 1210 1184 
1139 1 1184 1210 1211 1185 
1140 1 1185 1211 1212 1186 
1141 1 1186 1212 1213 1187 
1142 1 1187 1213 1214 1188 
1143 1 1188 1214 1215 1189 
1144 1 1189 1215 1216 1190 
1145 1 1190 1216 1217 1191 
1146 1 1191 1217 1218 1192 
1147 1 1192 1218 1219 1193 
1148 1 1193 1219 1220 1194 
1149 1 1194 1220 1221 1195 
1150 1 1195 1221 1222 1196 
1151 1 1197 1223 1224 1198 
1152 1 1198 1224 1225 1199 
1153 1 1199 1225 1226 1200 
1154 1 1200 1226 1227 1201 
1155 1 1201 1227 1228 1202 
1156 1 1202 1228 1229 1203 
1157 1 1203 1229 1230 1204 
1158 1 1204 1230 1231 1205 
1159 1 1205 1231 1232 1206 
1160 1 1206 1232 1233 1207 
1161 1 1207 1233 1234 1208 
1162 1 1208 1234 1235 1209 
1163 1 1209 1235 1236 1210 
1164 1 1210 1236 1237 1211 
1165 1 1211 1237 1238 1212 
1166 1 1212 1238 1239 1213 
1167 1 1213 1239 1240 1214 
1168 1 1214 1240 1241 1215 
1169 1 1215 1241 1242 1216 
1170 1 1216 1242 1243 1217 
1171 1 1217 1243 1244 1218 
1172 1 1218 1244 1245 1219 
1173 1 1219 1245 1246 1220 
1174 1 1220 1246 1247 1221 
1175 1 1221 1247 1248 1222 
1176 1 1223 1249 1250 1224 
1177 1 1224 1250 1251 1225 
1178 1 1225 1251 1252 1226 
1179 1 1226 1252 1253 1227 
1180 1 1227 1253 1254 1228 
1181 1 1228 1254 1255 1229 
1182 1 1229 1255 1256 1230 
1183 1 1230 1256 1257 1231 
1184 1 1231 1257 1258 1232 
1185 1 1232 1258 1259 1233 
1186 1 1233 1259 1260 1234 
1187 1 1234 1260 1261 1235 
1188 1 1235 1261 1262 1236 
1189 1 1236 1262 1263 1237 
1190 1 1237 1263 1264 1238 
1191 1 1238 1264 1265 1239 
1192 1 1239 1265 1266 1240 
1193 1 1240 1266 1267 1241 
1194 1 1241 1267 1268 1242 
1195 1 1242 1268 1269 1243 
1196 1 1243 1269 1270 1244 
1197 1 1244 1270 1271 1245 
1198 1 1245 1271 1272 1246 
1199 1 1246 1272 1273 1247 
1200 1 1247 1273 1274 1248 
1201 1 1249 1275 1276 1250 
1202 1 1250 1276 1277 1251 
1203 1 1251 1277 1278 1252 
1204 1 1252 1278 1279 1253 
1205 1 1253 1279 1280 1254 
1206 1 1254 1280 1281 1255 
1207 1 1255 1281 1282 1256 
1208 1 1256 1282 1283 1257 
1209 1 1257 1283 1284 1258 
1210 1 1258 1284 1285 1259 
1211 1 1259 1285 1286 1260 
1212 1 1260 1286 1287 1261 
1213 1 1261 1287 1288 1262 
1214 1 1262 1288 1289 1263 
1215 1 1263 1289 1290 1264 
1216 1 1264 1290 1291 1265 
1217 1 1265 1291 1292 1266 
1218 1 1266 1292 1293 1267 
1219 1 1267 1293 1294 1268 
1220 1 1268 1294 1295 1269 
1221 1 1269 1295 1296 1270 
1222 1 1270 1296 1297 1271 
1223 1 1271 1297 1298 1272 
1224 1 1272 1298 1299 1273 
1225 1 1273 1299 1300 1274 
1226 1 1275 1301 1302 1276 
1227 1 1276 1302 1303 1277 
1228 1 1277 1303 1304 1278 
1229 1 1278 1304 1305 1279 
1230 1 1279 1305 1306 1280 
1231 1 1280 1306 1307 1281 
1232 1 1281 1307 1308 1282 
1233 1 1282 1308 1309 1283 
1234 1 1283 1309 1310 1284 
1235 1 1284 1310 1311 1285 
1236 1 1285 1311 1312 1286 
1237 1 1286 1312 1313 1287 
1238 1 1287 1313 1314 1288 
1239 1 1288 1314 1315 1289 
1240 1 1289 1315 1316 1290 
1241 1 1290 1316 1317 1291 
1242 1 1291 1317 1318 1292 
1243 1 1292 1318 1319 1293 
1244 1 1293 1319 1320 1294 
1245 1 1294 1320 1321 1295 
1246 1 1295 1321 1322 1296 
1247 1 1296 1322 1323 1297 
1248 1 1297 1323 1324 1298 
1249 1 1298 1324 1325 1299 
1250 1 1299 1325 1326 1300 
1251 1 1301 1327 1328 1302 
1252 1 1302 1328 1329 1303 
1253 1 1303 1329 1330 1304 
1254 1 1304 1330 1331 1305 
1255 1 1305 1331 1332 1306 
1256 1 1306 1332 1333 1307 
1257 1 1307 1333 1334 1308 
1258 1 1308 1334 1335 1309 
1259 1 1309 1335 1336 1310 
1260 1 1310 1336 1337 1311 
1261 1 1311 1337 1338 1312 
1262 1 1312 1338 1339 1313 
1263 1 1313 1339 1340 1314 
1264 1 1314 1340 1341 1315 
1265 1 1315 1341 1342 1316 
1266 1 1316 1342 1343 1317 
1267 1 1317 1343 1344 1318 
1268 1 1318 1344 1345 1319 
1269 1 1319 1345 1346 1320 
1270 1 1320 1346 1347 1321 
1271 1 1321 1347 1348 1322 
1272 1 1322 1348 1349 1323 
1273 1 1323 1349 1350 1324 
1274 1 1324 1350 1351 1325 
1275 1 1325 1351 1352 1326 
1276 1 1327 1353 1354 1328 
1277 1 1328 1354 1355 1329 
1278 1 1329 1355 1356 1330 
1279 1 1330 1356 1357 1331 
1280 1 1331 1357 1358 1332 
1281 1 1332 1358 1359 1333 
1282 1 1333 1359 1360 1334 
1283 1 1334 1360 1361 1335 
1284 1 1335 1361 1362 1336 
1285 1 1336 1362 1363 1337 
1286 1 1337 1363 1364 1338 
1287 1 1338 1364 1365 1339 
1288 1 1339 1365 1366 1340 
1289 1 1340 1366 1367 1341 
1290 1 1341 1367 1368 1342 
1291 1 1342 1368 1369 1343 
1292 1 1343 1369 1370 1344 
1293 1 1344 1370 1371 1345 
1294 1 1345 1371 1372 1346 
1295 1 1346 1372 1373 1347 
1296 1 1347 1373 1374 1348 
1297 1 1348 1374 1375 1349 
1298 1 1349 1375 1376 1350 
1299 1 1350 1376 1377 1351 
1300 1 1351 1377 1378 1352 
1301 1 1353 1379 1380 1354 
1302 1 1354 1380 1381 1355 
1303 1 1355 1381 1382 1356 
1304 1 1356 1382 1383 1357 
1305 1 1357 1383 1384 1358 
1306 1 1358 1384 1385 1359 
1307 1 1359 1385 1386 1360 
1308 1 1360 1386 1387 1361 
1309 1 1361 1387 1388 1362 
1310 1 1362 1388 1389 1363 
1311 1 1363 1389 1390 1364 
1312 1 1364 1390 1391 1365 
1313 1 1365 1391 1392 1366 
1314 1 1366 1392 1393 1367 
1315 1 1367 1393 1394 1368 
1316 1 1368 1394 1395 1369 
1317 1 1369 1395 1396 1370 
1318 1 1370 1396 1397 1371 
1319 1 1371 1397 1398 1372 
1320 1 1372 1398 1399 1373 
1321 1 1373 1399 1400 1374 
1322 1 1374 1400 1401 1375 
1323 1 1375 1401 1402 1376 
1324 1 1376 1402 1403 1377 
1325 1 1377 1403 1404 1378 
1326 1 1379 1405 1406 1380 
1327 1 1380 1406 1407 1381 
1328 1 1381 1407 1408 1382 
1329 1 1382 1408 1409 1383 
1330 1 1383 1409 1410 1384 
1331 1 1384 1410 1411 1385 
1332 1 1385 1411 1412 1386 
1333 1 1386 1412 1413 1387 
1334 1 1387 1413 1414 1388 
1335 1 1388 1414 1415 1389 
1336 1 1389 1415 1416 1390 
1337 1 1390 1416 1417 1391 
1338 1 1391 1417 1418 1392 
1339 1 1392 1418 1419 1393 
1340 1 1393 1419 1420 1394 
1341 1 1394 1420 1421 1395 
1342 1 1395 1421 1422 1396 
1343 1 1396 1422 1423 1397 
1344 1 1397 1423 1424 1398 
1345 1 1398 1424 1425 1399 
1346 1 1399 1425 1426 1400 
1347 1 1400 1426 1427 1401 
1348 1 1401 1427 1428 1402 
1349 1 1402 1428 1429 1403 
1350 1 1403 1429 1430 1404 
1351 1 1405 1431 1432 1406 
1352 1 1406 1432 1433 1407 
1353 1 1407 1433 1434 1408 
1354 1 1408 1434 1435 1409 
1355 1 1409 1435 1436 1410 
1356 1 1410 1436 1437 1411 
1357 1 1411 1437 1438 1412 
1358 1 1412 1438 1439 1413 
1359 1 1413 1439 1440 1414 
1360 1 1414 1440 1441 1415 
1361 1 1415 1441 1442 1416 
1362 1 1416 1442 1443 1417 
1363 1 1417 1443 1444 1418 
1364 1 1418 1444 1445 1419 
1365 1 1419 1445 1446 1420 
1366 1 1420 1446 1447 1421 
1367 1 1421 1447 1448 1422 
1368 1 1422 1448 1449 1423 
1369 1 1423 1449 1450 1424 
1370 1 1424 1450 1451 1425 
1371 1 1425 1451 1452 1426 
1372 1 1426 1452 1453 1427 
1373 1 1427 1453 1454 1428 
1374 1 1428 1454 1455 1429 
1375 1 1429 1455 1456 1430 
1376 1 1431 1457 1458 1432 
1377 1 1432 1458 1459 1433 
1378 1 1433 1459 1460 1434 
1379 1 1434 1460 1461 1435 
1380 1 1435 1461 1462 1436 
1381 1 1436 1462 1463 1437 
1382 1 1437 1463 1464 1438 
1383 1 1438 1464 1465 1439 
1384 1 1439 1465 1466 1440 
1385 1 1440 1466 1467 1441 
1386 1 1441 1467 1468 1442 
1387 1 1442 1468 1469 1443 
1388 1 1443 1469 1470 1444 
1389 1 1444 1470 1471 1445 
1390 1 1445 1471 1472 1446 
1391 1 1446 1472 1473 1447 
1392 1 1447 1473 1474 1448 
1393 1 1448 1474 1475 1449 
1394 1 1449 1475 1476 1450 
1395 1 1450 1476 1477 1451 
1396 1 1451 1477 1478 1452 
1397 1 1452 1478 1479 1453 
1398 1 1453 1479 1480 1454 
1399 1 1454 1480 1481 1455 
1400 1 1455 1481 1482 1456 
1401 1 1457 1483 1484 1458 
1402 1 1458 1484 1485 1459 
1403 1 1459 1485 1486 1460 
1404 1 1460 1486 1487 1461 
1405 1 1461 1487 1488 1462 
1406 1 1462 1488 1489 1463 
1407 1 1463 1489 1490 1464 
1408 1 1464 1490 1491 1465 
1409 1 1465 1491 1492 1466 
1410 1 1466 1492 1493 1467 
1411 1 1467 1493 1494 1468 
1412 1 1468 1494 1495 1469 
1413 1 1469 1495 1496 1470 
1414 1 1470 1496 1497 1471 
1415 1 1471 1497 1498 1472 
1416 1 1472 1498 1499 1473 
1417 1 1473 1499 1500 1474 
1418 1 1474 1500 1501 1475 
1419 1 1475 1501 1502 1476 
1420 1 1476 1502 1503 1477 
1421 1 1477 1503 1504 1478 
1422 1 1478 1504 1505 1479 
1423 1 1479 1505 1506 1480 
1424 1 1480 1506 1507 1481 
1425 1 1481 1507 1508 1482 
1426 1 1483 1509 1510 1484 
1427 1 1484 1510 1511 1485 
1428 1 1485 1511 1512 1486 
1429 1 1486 1512 1513 1487 
1430 1 1487 1513 1514 1488 
1431 1 1488 1514 1515 1489 
1432 1 1489 1515 1516 1490 
1433 1 1490 1516 1517 1491 
1434 1 1491 1517 1518 1492 
1435 1 1492 1518 1519 1493 
1436 1 1493 1519 1520 1494 
1437 1 1494 1520 1521 1495 
1438 1 1495 1521 1522 1496 
1439 1 1496 1522 1523 1497 
1440 1 1497 1523 1524 1498 
1441 1 1498 1524 1525 1499 
1442 1 1499 1525 1526 1500 
1443 1 1500 1526 1527 1501 
1444 1 1501 1527 1528 1502 
1445 1 1502 1528 1529 1503 
1446 1 1503 1529 1530 1504 
1447 1 1504 1530 1531 1505 
1448 1 1505 1531 1532 1506 
1449 1 1506 1532 1533 1507 
1450 1 1507 1533 1534 1508 
1451 1 1509 1535 1536 1510 
1452 1 1510 1536 1537 1511 
1453 1 1511 1537 1538 1512 
1454 1 1512 1538 1539 1513 
1455 1 1513 1539 1540 1514 
1456 1 1514 1540 1541 1515 
1457 1 1515 1541 1542 1516 
1458 1 1516 1542 1543 1517 
1459 1 1517 1543 1544 1518 
1460 1 1518 1544 1545 1519 
1461 1 1519 1545 1546 1520 
1462 1 1520 1546 1547 1521 
1463 1 1521 1547 1548 1522 
1464 1 1522 1548 1549 1523 
1465 1 1523 1549 1550 1524 
1466 1 1524 1550 1551 1525 
1467 1 1525 1551 1552 1526 
1468 1 1526 1552 1553 1527 
1469 1 1527 1553 1554 1528 
1470 1 1528 1554 1555 1529 
1471 1 1529 1555 1556 1530 
1472 1 1530 1556 1557 1531 
1473 1 1531 1557 1558 1532 
1474 1 1532 1558 1559 1533 
1475 1 1533 1559 1560 1534 
1476 1 1535 1561 1562 1536 
1477 1 1536 1562 1563 1537 
1478 1 1537 1563 1564 1538 
1479 1 1538 1564 1565 1539 
1480 1 1539 1565 1566 1540 
1481 1 1540 1566 1567 1541 
1482 1 1541 1567 1568 1542 
1483 1 1542 1568 1569 1543 
1484 1 1543 1569 1570 1544 
1485 1 1544 1570 1571 1545 
1486 1 1545 1571 1572 1546 
1487 1 1546 1572 1573 1547 
1488 1 1547 1573 1574 1548 
1489 1 1548 1574 1575 1549 
1490 1 1549 1575 1576 1550 
1491 1 1550 1576 1577 1551 
1492 1 1551 1577 1578 1552 
1493 1 1552 1578 1579 1553 
1494 1 1553 1579 1580 1554 
1495 1 1554 1580 1581 1555 
1496 1 1555 1581 1582 1556 
1497 1 1556 1582 1583 1557 
1498 1 1557 1583 1584 1558 
1499 1 1558 1584 1585 1559 
1500 1 1559 1585 1586 1560 
1501 1 1561 1587 1588 1562 
1502 1 1562 1588 1589 1563 
1503 1 1563 1589 1590 1564 
1504 1 1564 1590 1591 1565 
1505 1 1565 1591 1592 1566 
1506 1 1566 1592 1593 1567 
1507 1 1567 1593 1594 1568 
1508 1 1568 1594 1595 1569 
1509 1 1569 1595 1596 1570 
1510 1 1570 1596 1597 1571 
1511 1 1571 1597 1598 1572 
1512 1 1572 1598 1599 1573 
1513 1 1573 1599 1600 1574 
1514 1 1574 1600 1601 1575 
1515 1 1575 1601 1602 1576 
1516 1 1576 1602 1603 1577 
1517 1 1577 1603 1604 1578 
1518 1 1578 1604 1605 1579 
1519 1 1579 1605 1606 1580 
1520 1 1580 1606 1607 1581 
1521 1 1581 1607 1608 1582 
1522 1 1582 1608 1609 1583 
1523 1 1583 1609 1610 1584 
1524 1 1584 1610 1611 1585 
1525 1 1585 1611 1612 1586 
1526 1 1587 1613 1614 1588 
1527 1 1588 1614 1615 1589 
1528 1 1589 1615 1616 1590 
1529 1 1590 1616 1617 1591 
1530 1 1591 1617 1618 1592 
1531 1 1592 1618 1619 1593 
1532 1 1593 1619 1620 1594 
1533 1 1594 1620 1621 1595 
1534 1 1595 1621 1622 1596 
1535 1 1596 1622 1623 1597 
1536 1 1597 1623 1624 1598 
1537 1 1598 1624 1625 1599 
1538 1 1599 1625 1626 1600 
1539 1 1600 1626 1627 1601 
1540 1 1601 1627 1628 1602 
1541 1 1602 1628 1629 1603 
1542 1 1603 1629 1630 1604 
1543 1 1604 1630 1631 1605 
1544 1 1605 1631 1632 1606 
1545 1 1606 1632 1633 1607 
1546 1 1607 1633 1634 1608 
1547 1 1608 1634 1635 1609 
1548 1 1609 1635 1636 1610 
1549 1 1610 1636 1637 1611 
1550 1 1611 1637 1638 1612 
1551 1 1613 1639 1640 1614 
1552 1 1614 1640 1641 1615 
1553 1 1615 1641 1642 1616 
1554 1 1616 1642 1643 1617 
1555 1 1617 1643 1644 1618 
1556 1 1618 1644 1645 1619 
1557 1 1619 1645 1646 1620 
1558 1 1620 1646 1647 1621 
1559 1 1621 1647 1648 1622 
1560 1 1622 1648 1649 1623 
1561 1 1623 1649 1650 1624 
1562 1 1624 1650 1651 1625 
1563 1 1625 1651 1652 1626 
1564 1 1626 1652 1653 1627 
1565 1 1627 1653 1654 1628 
1566 1 1628 1654 1655 1629 
1567 1 1629 1655 1656 1630 
1568 1 1630 1656 1657 1631 
1569 1 1631 1657 1658 1632 
1570 1 1632 1658 1659 1633 
1571 1 1633 1659 1660 1634 
1572 1 1634 1660 1661 1635 
1573 1 1635 1661 1662 1636 
1574 1 1636 1662 1663 1637 
1575 1 1637 1663 1664 1638 
1576 1 1639 1665 1666 1640 
1577 1 1640 1666 1667 1641 
1578 1 1641 1667 1668 1642 
1579 1 1642 1668 1669 1643 
1580 1 1643 1669 1670 1644 
1581 1 1644 1670 1671 1645 
1582 1 1645 1671 1672 1646 
1583 1 1646 1672 1673 1647 
1584 1 1647 1673 1674 1648 
1585 1 1648 1674 1675 1649 
1586 1 1649 1675 1676 1650 
1587 1 1650 1676 1677 1651 
1588 1 1651 1677 1678 1652 
1589 1 1652 1678 1679 1653 
1590 1 1653 1679 1680 1654 
1591 1 1654 1680 1681 1655 
1592 1 1655 1681 1682 1656 
1593 1 1656 1682 1683 1657 
1594 1 1657 1683 1684 1658 
1595 1 1658 1684 1685 1659 
1596 1 1659 1685 1686 1660 
1597 1 1660 1686 1687 1661 
1598 1 1661 1687 1688 1662 
1599 1 1662 1688 1689 1663 
1600 1 1663 1689 1690 1664 
1601 1 1665 1691 1692 1666 
1602 1 1666 1692 1693 1667 
1603 1 1667 1693 1694 1668 
1604 1 1668 1694 1695 1669 
1605 1 1669 1695 1696 1670 
1606 1 1670 1696 1697 1671 
1607 1 1671 1697 1698 1672 
1608 1 1672 1698 1699 1673 
1609 1 1673 1699 1700 1674 
1610 1 1674 1700 1701 1675 
1611 1 1675 1701 1702 1676 
1612 1 1676 1702 1703 1677 
1613 1 1677 1703 1704 1678 
1614 1 1678 1704 1705 1679 
1615 1 1679 1705 1706 1680 
1616 1 1680 1706 1707 1681 
1617 1 1681 1707 1708 1682 
1618 1 1682 1708 1709 1683 
1619 1 1683 1709 1710 1684 
1620 1 1684 1710 1711 1685 
1621 1 1685 1711 1712 1686 
1622 1 1686 1712 1713 1687 
1623 1 1687 1713 1714 1688 
1624 1 1688 1714 1715 1689 
1625 1 1689 1715 1716 1690 
1626 1 1691 1717 1718 1692 
1627 1 1692 1718 1719 1693 
1628 1 1693 1719 1720 1694 
1629 1 1694 1720 1721 1695 
1630 1 1695 1721 1722 1696 
1631 1 1696 1722 1723 1697 
1632 1 1697 1723 1724 1698 
1633 1 1698 1724 1725 1699 
1634 1 1699 1725 1726 1700 
1635 1 1700 1726 1727 1701 
1636 1 1701 1727 1728 1702 
1637 1 1702 1728 1729 1703 
1638 1 1703 1729 1730 1704 
1639 1 1704 1730 1731 1705 
1640 1 1705 1731 1732 1706 
1641 1 1706 1732 1733 1707 
1642 1 1707 1733 1734 1708 
1643 1 1708 1734 1735 1709 
1644 1 1709 1735 1736 1710 
1645 1 1710 1736 1737 1711 
1646 1 1711 1737 1738 1712 
1647 1 1712 1738 1739 1713 
1648 1 1713 1739 1740 1714 
1649 1 1714 1740 1741 1715 
1650 1 1715 1741 1742 1716 
1651 1 1717 1743 1744 1718 
1652 1 1718 1744 1745 1719 
1653 1 1719 1745 1746 1720 
1654 1 1720 1746 1747 1721 
1655 1 1721 1747 1748 1722 
1656 1 1722 1748 1749 1723 
1657 1 1723 1749 1750 1724 
1658 1 1724 1750 1751 1725 
1659 1 1725 1751 1752 1726 
1660 1 1726 1752 1753 1727 
1661 1 1727 1753 1754 1728 
1662 1 1728 1754 1755 1729 
1663 1 1729 1755 1756 1730 
1664 1 1730 1756 1757 1731 
1665 1 1731 1757 1758 1732 
1666 1 1732 1758 1759 1733 
1667 1 1733 1759 1760 1734 
1668 1 1734 1760 1761 1735 
1669 1 1735 1761 1762 1736 
1670 1 1736 1762 1763 1737 
1671 1 1737 1763 1764 1738 
1672 1 1738 1764 1765 1739 
1673 1 1739 1765 1766 1740 
1674 1 1740 1766 1767 1741 
1675 1 1741 1767 1768 1742 
1676 1 1743 1769 1770 1744 
1677 1 1744 1770 1771 1745 
1678 1 1745 1771 1772 1746 
1679 1 1746 1772 1773 1747 
1680 1 1747 1773 1774 1748 
1681 1 1748 1774 1775 1749 
1682 1 1749 1775 1776 1750 
1683 1 1750 1776 1777 1751 
1684 1 1751 1777 1778 1752 
1685 1 1752 1778 1779 1753 
1686 1 1753 1779 1780 1754 
1687 1 1754 1780 1781 1755 
1688 1 1755 1781 1782 1756 
1689 1 1756 1782 1783 1757 
1690 1 1757 1783 1784 1758 
1691 1 1758 1784 1785 1759 
1692 1 1759 1785 1786 1760 
1693 1 1760 1786 1787 1761 
1694 1 1761 1787 1788 1762 
1695 1 1762 1788 1789 1763 
1696 1 1763 1789 1790 1764 
1697 1 1764 1790 1791 1765 
1698 1 1765 1791 1792 1766 
1699 1 1766 1792 1793 1767 
1700 1 1767 1793 1794 1768 
1701 1 1769 1795 1796 1770 
1702 1 1770 1796 1797 1771 
1703 1 1771 1797 1798 1772 
1704 1 1772 1798 1799 1773 
1705 1 1773 1799 1800 1774 
1706 1 1774 1800 1801 1775 
1707 1 1775 1801 1802 1776 
1708 1 1776 1802 1803 1777 
1709 1 1777 1803 1804 1778 
1710 1 1778 1804 1805 1779 
1711 1 1779 1805 1806 1780 
1712 1 1780 1806 1807 1781 
1713 1 1781 1807 1808 1782 
1714 1 1782 1808 1809 1783 
1715 1 1783 1809 1810 1784 
1716 1 1784 1810 1811 1785 
1717 1 1785 1811 1812 1786 
1718 1 1786 1812 1813 1787 
1719 1 1787 1813 1814 1788 
1720 1 1788 1814 1815 1789 
1721 1 1789 1815 1816 1790 
1722 1 1790 1816 1817 1791 
1723 1 1791 1817 1818 1792 
1724 1 1792 1818 1819 1793 
1725 1 1793 1819 1820 1794 
1726 1 1795 1821 1822 1796 
1727 1 1796 1822 1823 1797 
1728 1 1797 1823 1824 1798 
1729 1 1798 1824 1825 1799 
1730 1 1799 1825 1826 1800 
1731 1 1800 1826 1827 1801 
1732 1 1801 1827 1828 1802 
1733 1 1802 1828 1829 1803 
1734 1 1803 1829 1830 1804 
1735 1 1804 1830 1831 1805 
1736 1 1805 1831 1832 1806 
1737 1 1806 1832 1833 1807 
1738 1 1807 1833 1834 1808 
1739 1 1808 1834 1835 1809 
1740 1 1809 1835 1836 1810 
1741 1 1810 1836 1837 1811 
1742 1 1811 1837 1838 1812 
1743 1 1812 1838 1839 1813 
1744 1 1813 1839 1840 1814 
1745 1 1814 1840 1841 1815 
1746 1 1815 1841 1842 1816 
1747 1 1816 1842 1843 1817 
1748 1 1817 1843 1844 1818 
1749 1 1818 1844 1845 1819 
1750 1 1819 1845 1846 1820 
1751 1 1821 1847 1848 1822 
1752 1 1822 1848 1849 1823 
1753 1 1823 1849 1850 1824 
1754 1 1824 1850 1851 1825 
1755 1 1825 1851 1852 1826 
1756 1 1826 1852 1853 1827 
1757 1 1827 1853 1854 1828 
1758 1 1828 1854 1855 1829 
1759 1 1829 1855 1856 1830 
1760 1 1830 1856 1857 1831 
1761 1 1831 1857 1858 1832 
1762 1 1832 1858 1859 1833 
1763 1 1833 1859 1860 1834 
1764 1 1834 1860 1861 1835 
1765 1 1835 1861 1862 1836 
1766 1 1836 1862 1863 1837 
1767 1 1837 1863 1864 1838 
1768 1 1838 1864 1865 1839 
1769 1 1839 1865 1866 1840 
1770 1 1840 1866 1867 1841 
1771 1 1841 1867 1868 1842 
1772 1 1842 1868 1869 1843 
1773 1 1843 1869 1870 1844 
1774 1 1844 1870 1871 1845 
1775 1 1845 1871 1872 1846 
1776 1 1847 1873 1874 1848 
1777 1 1848 1874 1875 1849 
1778 1 1849 1875 1876 1850 
1779 1 1850 1876 1877 1851 
1780 1 1851 1877 1878 1852 
1781 1 1852 1878 1879 1853 
1782 1 1853 1879 1880 1854 
1783 1 1854 1880 1881 1855 
1784 1 1855 1881 1882 1856 
1785 1 1856 1882 1883 1857 
1786 1 1857 1883 1884 1858 
1787 1 1858 1884 1885 1859 
1788 1 1859 1885 1886 1860 
1789 1 1860 1886 1887 1861 
1790 1 1861 1887 1888 1862 
1791 1 1862 1888 1889 1863 
1792 1 1863 1889 1890 1864 
1793 1 1864 1890 1891 1865 
1794 1 1865 1891 1892 1866 
1795 1 1866 1892 1893 1867 
1796 1 1867 1893 1894 1868 
1797 1 1868 1894 1895 1869 
1798 1 1869 1895 1896 1870 
1799 1 1870 1896 1897 1871 
1800 1 1871 1897 1898 1872 
1801 1 1873 1899 1900 1874 
1802 1 1874 1900 1901 1875 
1803 1 1875 1901 1902 1876 
1804 1 1876 1902 1903 1877 
1805 1 1877 1903 1904 1878 
1806 1 1878 1904 1905 1879 
1807 1 1879 1905 1906 1880 
1808 1 1880 1906 1907 1881 
1809 1 1881 1907 1908 1882 
1810 1 1882 1908 1909 1883 
1811 1 1883 1909 1910 1884 
1812 1 1884 1910 1911 1885 
1813 1 1885 1911 1912 1886 
1814 1 1886 1912 1913 1887 
1815 1 1887 1913 1914 1888 
1816 1 1888 1914 1915 1889 
1817 1 1889 1915 1916 1890 
1818 1 1890 1916 1917 1891 
1819 1 1891 1917 1918 1892 
1820 1 1892 1918 1919 1893 
1821 1 1893 1919 1920 1894 
1822 1 1894 1920 1921 1895 
1823 1 1895 1921 1922 1896 
1824 1 1896 1922 1923 1897 
1825 1 1897 1923 1924 1898 
1826 1 1899 1925 1926 1900 
1827 1 1900 1926 1927 1901 
1828 1 1901 1927 1928 1902 
1829 1 1902 1928 1929 1903 
1830 1 1903 1929 1930 1904 
1831 1 1904 1930 1931 1905 
1832 1 1905 1931 1932 1906 
1833 1 1906 1932 1933 1907 
1834 1 1907 1933 1934 1908 
1835 1 1908 1934 1935 1909 
1836 1 1909 1935 1936 1910 
1837 1 1910 1936 1937 1911 
1838 1 1911 1937 1938 1912 
1839 1 1912 1938 1939 1913 
1840 1 1913 1939 1940 1914 
1841 1 1914 1940 1941 1915 
1842 1 1915 1941 1942 1916 
1843 1 1916 1942 1943 1917 
1844 1 1917 1943 1944 1918 
1845 1 1918 1944 1945 1919 
1846 1 1919 1945 1946 1920 
1847 1 1920 1946 1947 1921 
1848 1 1921 1947 1948 1922 
1849 1 1922 1948 1949 1923 
1850 1 1923 1949 1950 1924 
1851 1 1925 1951 1952 1926 
1852 1 1926 1952 1953 1927 
1853 1 1927 1953 1954 1928 
1854 1 1928 1954 1955 1929 
1855 1 1929 1955 1956 1930 
1856 1 1930 1956 1957 1931 
1857 1 1931 1957 1958 1932 
1858 1 1932 1958 1959 1933 
1859 1 1933 1959 1960 1934 
1860 1 1934 1960 1961 1935 
1861 1 1935 1961 1962 1936 
1862 1 1936 1962 1963 1937 
1863 1 1937 1963 1964 1938 
1864 1 1938 1964 1965 1939 
1865 1 1939 1965 1966 1940 
1866 1 1940 1966 1967 1941 
1867 1 1941 1967 1968 1942 
1868 1 1942 1968 1969 1943 
1869 1 1943 1969 1970 1944 
1870 1 1944 1970 1971 1945 
1871 1 1945 1971 1972 1946 
1872 1 1946 1972 1973 1947 
1873 1 1947 1973 1974 1948 
1874 1 1948 1974 1975 1949 
1875 1 1949 1975 1976 1950 
Specify material properties as per the IDs
MaterialID Youngs_Modulus Poisson_ratio Thickness
1 1 3.000000e-01 1 
Specify the number of nodes
1976
 Specify the nodal coodinates
 Node-number x-coordinate y-coordinate
1 0 0 
2 0 1 
3 0 2 
4 0 3 
5 0 4 
6 0 5 
7 0 6 
8 0 7 
9 0 8 
10 0 9 
11 0 10 
12 0 11 
13 0 12 
14 0 13 
15 0 14 
16 0 15 
17 0 16 
18 0 17 
19 0 18 
20 0 19 
21 0 20 
22 0 21 
23 0 22 
24 0 23 
25 0 24 
26 0 25 
27 1 0 
28 1 1 
29 1 2 
30 1 3 
31 1 4 
32 1 5 
33 1 6 
34 1 7 
35 1 8 
36 1 9 
37 1 10 
38 1 11 
39 1 12 
40 1 13 
41 1 14 
42 1 15 
43 1 16 
44 1 17 
45 1 18 
46 1 19 
47 1 20 
48 1 21 
49 1 22 
50 1 23 
51 1 24 
52 1 25 
53 2 0 
54 2 1 
55 2 2 
56 2 3 
57 2 4 
58 2 5 
59 2 6 
60 2 7 
61 2 8 
62 2 9 
63 2 10 
64 2 11 
65 2 12 
66 2 13 
67 2 14 
68 2 15 
69 2 16 
70 2 17 
71 2 18 
72 2 19 
73 2 20 
74 2 21 
75 2 22 
76 2 23 
77 2 24 
78 2 25 
79 3 0 
80 3 1 
81 3 2 
82 3 3 
83 3 4 
84 3 5 
85 3 6 
86 3 7 
87 3 8 
88 3 9 
89 3 10 
90 3 11 
91 3 12 
92 3 13 
93 3 14 
94 3 15 
95 3 16 
96 3 17 
97 3 18 
98 3 19 
99 3 20 
100 3 21 
101 3 22 
102 3 23 
103 3 24 
104 3 25 
105 4 0 
106 4 1 
107 4 2 
108 4 3 
109 4 4 
110 4 5 
111 4 6 
112 4 7 
113 4 8 
114 4 9 
115 4 10 
116 4 11 
117 4 12 
118 4 13 
119 4 14 
120 4 15 
121 4 16 
122 4 17 
123 4 18 
124 4 19 
125 4 20 
126 4 21 
127 4 22 
128 4 23 
129 4 24 
130 4 25 
131 5 0 
132 5 1 
133 5 2 
134 5 3 
135 5 4 
136 5 5 
137 5 6 
138 5 7 
139 5 8 
140 5 9 
141 5 10 
142 5 11 
143 5 12 
144 5 13 
145 5 14 
146 5 15 
147 5 16 
148 5 17 
149 5 18 
150 5 19 
151 5 20 
152 5 21 
153 5 22 
154 5 23 
155 5 24 
156 5 25 
157 6 0 
158 6 1 
159 6 2 
160 6 3 
161 6 4 
162 6 5 
163 6 6 
164 6 7 
165 6 8 
166 6 9 
167 6 10 
168 6 11 
169 6 12 
170 6 13 
171 6 14 
172 6 15 
173 6 16 
174 6 17 
175 6 18 
176 6 19 
177 6 20 
178 6 21 
179 6 22 
180 6 23 
181 6 24 
182 6 25 
183 7 0 
184 7 1 
185 7 2 
186 7 3 
187 7 4 
188 7 5 
189 7 6 
190 7 7 
191 7 8 
192 7 9 
193 7 10 
194 7 11 
195 7 12 
196 7 13 
197 7 14 
198 7 15 
199 7 16 
200 7 17 
201 7 18 
202 7 19 
203 7 20 
204 7 21 
205 7 22 
206 7 23 
207 7 24 
208 7 25 
209 8 0 
210 8 1 
211 8 2 
212 8 3 
213 8 4 
214 8 5 
215 8 6 
216 8 7 
217 8 8 
218 8 9 
219 8 10 
220 8 11 
221 8 12 
222 8 13 
223 8 14 
224 8 15 
225 8 16 
226 8 17 
227 8 18 
228 8 19 
229 8 20 
230 8 21 
231 8 22 
232 8 23 
233 8 24 
234 8 25 
235 9 0 
236 9 1 
237 9 2 
238 9 3 
239 9 4 
240 9 5 
241 9 6 
242 9 7 
243 9 8 
244 9 9 
245 9 10 
246 9 11 
247 9 12 
248 9 13 
249 9 14 
250 9 15 
251 9 16 
252 9 17 
253 9 18 
254 9 19 
255 9 20 
256 9 21 
257 9 22 
258 9 23 
259 9 24 
260 9 25 
261 10 0 
262 10 1 
263 10 2 
264 10 3 
265 10 4 
266 10 5 
267 10 6 
268 10 7 
269 10 8 
270 10 9 
271 10 10 
272 10 11 
273 10 12 
274 10 13 
275 10 14 
276 10 15 
277 10 16 
278 10 17 
279 10 18 
280 10 19 
281 10 20 
282 10 21 
283 10 22 
284 10 23 
285 10 24 
286 10 25 
287 11 0 
288 11 1 
289 11 2 
290 11 3 
291 11 4 
292 11 5 
293 11 6 
294 11 7 
295 11 8 
296 11 9 
297 11 10 
298 11 11 
299 11 12 
300 11 13 
301 11 14 
302 11 15 
303 11 16 
304 11 17 
305 11 18 
306 11 19 
307 11 20 
308 11 21 
309 11 22 
310 11 23 
311 11 24 
312 11 25 
313 12 0 
314 12 1 
315 12 2 
316 12 3 
317 12 4 
318 12 5 
319 12 6 
320 12 7 
321 12 8 
322 12 9 
323 12 10 
324 12 11 
325 12 12 
326 12 13 
327 12 14 
328 12 15 
329 12 16 
330 12 17 
331 12 18 
332 12 19 
333 12 20 
334 12 21 
335 12 22 
336 12 23 
337 12 24 
338 12 25 
339 13 0 
340 13 1 
341 13 2 
342 13 3 
343 13 4 
344 13 5 
345 13 6 
346 13 7 
347 13 8 
348 13 9 
349 13 10 
350 13 11 
351 13 12 
352 13 13 
353 13 14 
354 13 15 
355 13 16 
356 13 17 
357 13 18 
358 13 19 
359 13 20 
360 13 21 
361 13 22 
362 13 23 
363 13 24 
364 13 25 
365 14 0 
366 14 1 
367 14 2 
368 14 3 
369 14 4 
370 14 5 
371 14 6 
372 14 7 
373 14 8 
374 14 9 
375 14 10 
376 14 11 
377 14 12 
378 14 13 
379 14 14 
380 14 15 
381 14 16 
382 14 17 
383 14 18 
384 14 19 
385 14 20 
386 14 21 
387 14 22 
388 14 23 
389 14 24 
390 14 25 
391 15 0 
392 15 1 
393 15 2 
394 15 3 
395 15 4 
396 15 5 
397 15 6 
398 15 7 
399 15 8 
400 15 9 
401 15 10 
402 15 11 
403 15 12 
404 15 13 
405 15 14 
406 15 15 
407 15 16 
408 15 17 
409 15 18 
410 15 19 
411 15 20 
412 15 21 
413 15 22 
414 15 23 
415 15 24 
416 15 25 
417 16 0 
418 16 1 
419 16 2 
420 16 3 
421 16 4 
422 16 5 
423 16 6 
424 16 7 
425 16 8 
426 16 9 
427 16 10 
428 16 11 
429 16 12 
430 16 13 
431 16 14 
432 16 15 
433 16 16 
434 16 17 
435 16 18 
436 16 19 
437 16 20 
438 16 21 
439 16 22 
440 16 23 
441 16 24 
442 16 25 
443 17 0 
444 17 1 
445 17 2 
446 17 3 
447 17 4 
448 17 5 
449 17 6 
450 17 7 
451 17 8 
452 17 9 
453 17 10 
454 17 11 
455 17 12 
456 17 13 
457 17 14 
458 17 15 
459 17 16 
460 17 17 
461 17 18 
462 17 19 
463 17 20 
464 17 21 
465 17 22 
466 17 23 
467 17 24 
468 17 25 
469 18 0 
470 18 1 
471 18 2 
472 18 3 
473 18 4 
474 18 5 
475 18 6 
476 18 7 
477 18 8 
478 18 9 
479 18 10 
480 18 11 
481 18 12 
482 18 13 
483 18 14 
484 18 15 
485 18 16 
486 18 17 
487 18 18 
488 18 19 
489 18 20 
490 18 21 
491 18 22 
492 18 23 
493 18 24 
494 18 25 
495 19 0 
496 19 1 
497 19 2 
498 19 3 
499 19 4 
500 19 5 
501 19 6 
502 19 7 
503 19 8 
504 19 9 
505 19 10 
506 19 11 
507 19 12 
508 19 13 
509 19 14 
510 19 15 
511 19 16 
512 19 17 
513 19 18 
514 19 19 
515 19 20 
516 19 21 
517 19 22 
518 19 23 
519 19 24 
520 19 25 
521 20 0 
522 20 1 
523 20 2 
524 20 3 
525 20 4 
526 20 5 
527 20 6 
528 20 7 
529 20 8 
530 20 9 
531 20 10 
532 20 11 
533 20 12 
534 20 13 
535 20 14 
536 20 15 
537 20 16 
538 20 17 
539 20 18 
540 20 19 
541 20 20 
542 20 21 
543 20 22 
544 20 23 
545 20 24 
546 20 25 
547 21 0 
548 21 1 
549 21 2 
550 21 3 
551 21 4 
552 21 5 
553 21 6 
554 21 7 
555 21 8 
556 21 9 
557 21 10 
558 21 11 
559 21 12 
560 21 13 
561 21 14 
562 21 15 
563 21 16 
564 21 17 
565 21 18 
566 21 19 
567 21 20 
568 21 21 
569 21 22 
570 21 23 
571 21 24 
572 21 25 
573 22 0 
574 22 1 
575 22 2 
576 22 3 
577 22 4 
578 22 5 
579 22 6 
580 22 7 
581 22 8 
582 22 9 
583 22 10 
584 22 11 
585 22 12 
586 22 13 
587 22 14 
588 22 15 
589 22 16 
590 22 17 
591 22 18 
592 22 19 
593 22 20 
594 22 21 
595 22 22 
596 22 23 
597 22 24 
598 22 25 
599 23 0 
600 23 1 
601 23 2 
602 23 3 
603 23 4 
604 23 5 
605 23 6 
606 23 7 
607 23 8 
608 23 9 
609 23 10 
610 23 11 
611 23 12 
612 23 13 
613 23 14 
614 23 15 
615 23 16 
616 23 17 
617 23 18 
618 23 19 
619 23 20 
620 23 21 
621 23 22 
622 23 23 
623 23 24 
624 23 25 
625 24 0 
626 24 1 
627 24 2 
628 24 3 
629 24 4 
630 24 5 
631 24 6 
632 24 7 
633 24 8 
634 24 9 
635 24 10 
636 24 11 
637 24 12 
638 24 13 
639 24 14 
640 24 15 
641 24 16 
642 24 17 
643 24 18 
644 24 19 
645 24 20 
646 24 21 
647 24 22 
648 24 23 
649 24 24 
650 24 25 
651 25 0 
652 25 1 
653 25 2 
654 25 3 
655 25 4 
656 25 5 
657 25 6 
658 25 7 
659 25 8 
660 25 9 
661 25 10 
662 25 11 
663 25 12 
664 25 13 
665 25 14 
666 25 15 
667 25 16 
668 25 17 
669 25 18 
670 25 19 
671 25 20 
672 25 21 
673 25 22 
674 25 23 
675 25 24 
676 25 25 
677 26 0 
678 26 1 
679 26 2 
680 26 3 
681 26 4 
682 26 5 
683 26 6 
684 26 7 
685 26 8 
686 26 9 
687 26 10 
688 26 11 
689 26 12 
690 26 13 
691 26 14 
692 26 15 
693 26 16 
694 26 17 
695 26 18 
696 26 19 
697 26 20 
698 26 21 
699 26 22 
700 26 23 
701 26 24 
702 26 25 
703 27 0 
704 27 1 
705 27 2 
706 27 3 
707 27 4 
708 27 5 
709 27 6 
710 27 7 
711 27 8 
712 27 9 
713 27 10 
714 27 11 
715 27 12 
716 27 13 
717 27 14 
718 27 15 
719 27 16 
720 27 17 
721 27 18 
722 27 19 
723 27 20 
724 27 21 
725 27 22 
726 27 23 
727 27 24 
728 27 25 
729 28 0 
730 28 1 
731 28 2 
732 28 3 
733 28 4 
734 28 5 
735 28 6 
736 28 7 
737 28 8 
738 28 9 
739 28 10 
740 28 11 
741 28 12 
742 28 13 
743 28 14 
744 28 15 
745 28 16 
746 28 17 
747 28 18 
748 28 19 
749 28 20 
750 28 21 
751 28 22 
752 28 23 
753 28 24 
754 28 25 
755 29 0 
756 29 1 
757 29 2 
758 29 3 
759 29 4 
760 29 5 
761 29 6 
762 29 7 
763 29 8 
764 29 9 
765 29 10 
766 29 11 
767 29 12 
768 29 13 
769 29 14 
770 29 15 
771 29 16 
772 29 17 
773 29 18 
774 29 19 
775 29 20 
776 29 21 
777 29 22 
778 29 23 
779 29 24 
780 29 25 
781 30 0 
782 30 1 
783 30 2 
784 30 3 
785 30 4 
786 30 5 
787 30 6 
788 30 7 
789 30 8 
790 30 9 
791 30 10 
792 30 11 
793 30 12 
794 30 13 
795 30 14 
796 30 15 
797 30 16 
798 30 17 
799 30 18 
800 30 19 
801 30 20 
802 30 21 
803 30 22 
804 30 23 
805 30 24 
806 30 25 
807 31 0 
808 31 1 
809 31 2 
810 31 3 
811 31 4 
812 31 5 
813 31 6 
814 31 7 
815 31 8 
816 31 9 
817 31 10 
818 31 11 
819 31 12 
820 31 13 
821 31 14 
822 31 15 
823 31 16 
824 31 17 
825 31 18 
826 31 19 
827 31 20 
828 31 21 
829 31 22 
830 31 23 
831 31 24 
832 31 25 
833 32 0 
834 32 1 
835 32 2 
836 32 3 
837 32 4 
838 32 5 
839 32 6 
840 32 7 
841 32 8 
842 32 9 
843 32 10 
844 32 11 
845 32 12 
846 32 13 
847 32 14 
848 32 15 
849 32 16 
850 32 17 
851 32 18 
852 32 19 
853 32 20 
854 32 21 
855 32 22 
856 32 23 
857 32 24 
858 32 25 
859 33 0 
860 33 1 
861 33 2 
862 33 3 
863 33 4 
864 33 5 
865 33 6 
866 33 7 
867 33 8 
868 33 9 
869 33 10 
870 33 11 
871 33 12 
872 33 13 
873 33 14 
874 33 15 
875 33 16 
876 33 17 
877 33 18 
878 33 19 
879 33 20 
880 33 21 
881 33 22 
882 33 23 
883 33 24 
884 33 25 
885 34 0 
886 34 1 
887 34 2 
888 34 3 
889 34 4 
890 34 5 
891 34 6 
892 34 7 
893 34 8 
894 34 9 
895 34 10 
896 34 11 
897 34 12 
898 34 13 
899 34 14 
900 34 15 
901 34 16 
902 34 17 
903 34 18 
904 34 19 
905 34 20 
906 34 21 
907 34 22 
908 34 23 
909 34 24 
910 34 25 
911 35 0 
912 35 1 
913 35 2 
914 35 3 
915 35 4 
916 35 5 
917 35 6 
918 35 7 
919 35 8 
920 35 9 
921 35 10 
922 35 11 
923 35 12 
924 35 13 
925 35 14 
926 35 15 
927 35 16 
928 35 17 
929 35 18 
930 35 19 
931 35 20 
932 35 21 
933 35 22 
934 35 23 
935 35 24 
936 35 25 
937 36 0 
938 36 1 
939 36 2 
940 36 3 
941 36 4 
942 36 5 
943 36 6 
944 36 7 
945 36 8 
946 36 9 
947 36 10 
948 36 11 
949 36 12 
950 36 13 
951 36 14 
952 36 15 
953 36 16 
954 36 17 
955 36 18 
956 36 19 
957 36 20 
958 36 21 
959 36 22 
960 36 23 
961 36 24 
962 36 25 
963 37 0 
964 37 1 
965 37 2 
966 37 3 
967 37 4 
968 37 5 
969 37 6 
970 37 7 
971 37 8 
972 37 9 
973 37 10 
974 37 11 
975 37 12 
976 37 13 
977 37 14 
978 37 15 
979 37 16 
980 37 17 
981 37 18 
982 37 19 
983 37 20 
984 37 21 
985 37 22 
986 37 23 
987 37 24 
988 37 25 
989 38 0 
990 38 1 
991 38 2 
992 38 3 
993 38 4 
994 38 5 
995 38 6 
996 38 7 
997 38 8 
998 38 9 
999 38 10 
1000 38 11 
1001 38 12 
1002 38 13 
1003 38 14 
1004 38 15 
1005 38 16 
1006 38 17 
1007 38 18 
1008 38 19 
1009 38 20 
1010 38 21 
1011 38 22 
1012 38 23 
1013 38 24 
1014 38 25 
1015 39 0 
1016 39 1 
1017 39 2 
1018 39 3 
1019 39 4 
1020 39 5 
1021 39 6 
1022 39 7 
1023 39 8 
1024 39 9 
1025 39 10 
1026 39 11 
1027 39 12 
1028 39 13 
1029 39 14 
1030 39 15 
1031 39 16 
1032 39 17 
1033 39 18 
1034 39 19 
1035 39 20 
1036 39 21 
1037 39 22 
1038 39 23 
1039 39 24 
1040 39 25 
1041 40 0 
1042 40 1 
1043 40 2 
1044 40 3 
1045 40 4 
1046 40 5 
1047 40 6 
1048 40 7 
1049 40 8 
1050 40 9 
1051 40 10 
1052 40 11 
1053 40 12 
1054 40 13 
1055 40 14 
1056 40 15 
1057 40 16 
1058 40 17 
1059 40 18 
1060 40 19 
1061 40 20 
1062 40 21 
1063 40 22 
1064 40 23 
1065 40 24 
1066 40 25 
1067 41 0 
1068 41 1 
1069 41 2 
1070 41 3 
1071 41 4 
1072 41 5 
1073 41 6 
1074 41 7 
1075 41 8 
1076 41 9 
1077 41 10 
1078 41 11 
1079 41 12 
1080 41 13 
1081 41 14 
1082 41 15 
1083 41 16 
1084 41 17 
1085 41 18 
1086 41 19 
1087 41 20 
1088 41 21 
1089 41 22 
1090 41 23 
1091 41 24 
1092 41 25 
1093 42 0 
1094 42 1 
1095 42 2 
1096 42 3 
1097 42 4 
1098 42 5 
1099 42 6 
1100 42 7 
1101 42 8 
1102 42 9 
1103 42 10 
1104 42 11 
1105 42 12 
1106 42 13 
1107 42 14 
1108 42 15 
1109 42 16 
1110 42 17 
1111 42 18 
1112 42 19 
1113 42 20 
1114 42 21 
1115 42 22 
1116 42 23 
1117 42 24 
1118 42 25 
1119 43 0 
1120 43 1 
1121 43 2 
1122 43 3 
1123 43 4 
1124 43 5 
1125 43 6 
1126 43 7 
1127 43 8 
1128 43 9 
1129 43 10 
1130 43 11 
1131 43 12 
1132 43 13 
1133 43 14 
1134 43 15 
1135 43 16 
1136 43 17 
1137 43 18 
1138 43 19 
1139 43 20 
1140 43 21 
1141 43 22 
1142 43 23 
1143 43 24 
1144 43 25 
1145 44 0 
1146 44 1 
1147 44 2 
1148 44 3 
1149 44 4 
1150 44 5 
1151 44 6 
1152 44 7 
1153 44 8 
1154 44 9 
1155 44 10 
1156 44 11 
1157 44 12 
1158 44 13 
1159 44 14 
1160 44 15 
1161 44 16 
1162 44 17 
1163 44 18 
1164 44 19 
1165 44 20 
1166 44 21 
1167 44 22 
1168 44 23 
1169 44 24 
1170 44 25 
1171 45 0 
1172 45 1 
1173 45 2 
1174 45 3 
1175 45 4 
1176 45 5 
1177 45 6 
1178 45 7 
1179 45 8 
1180 45 9 
1181 45 10 
1182 45 11 
1183 45 12 
1184 45 13 
1185 45 14 
1186 45 15 
1187 45 16 
1188 45 17 
1189 45 18 
1190 45 19 
1191 45 20 
1192 45 21 
1193 45 22 
1194 45 23 
1195 45 24 
1196 45 25 
1197 46 0 
1198 46 1 
1199 46 2 
1200 46 3 
1201 46 4 
1202 46 5 
1203 46 6 
1204 46 7 
1205 46 8 
1206 46 9 
1207 46 10 
1208 46 11 
1209 46 12 
1210 46 13 
1211 46 14 
1212 46 15 
1213 46 16 
1214 46 17 
1215 46 18 
1216 46 19 
1217 46 20 
1218 46 21 
1219 46 22 
1220 46 23 
1221 46 24 
1222 46 25 
1223 47 0 
1224 47 1 
1225 47 2 
1226 47 3 
1227 47 4 
1228 47 5 
1229 47 6 
1230 47 7 
1231 47 8 
1232 47 9 
1233 47 10 
1234 47 11 
1235 47 12 
1236 47 13 
1237 47 14 
1238 47 15 
1239 47 16 
1240 47 17 
1241 47 18 
1242 47 19 
1243 47 20 
1244 47 21 
1245 47 22 
1246 47 23 
1247 47 24 
1248 47 25 
1249 48 0 
1250 48 1 
1251 48 2 
1252 48 3 
1253 48 4 
1254 48 5 
1255 48 6 
1256 48 7 
1257 48 8 
1258 48 9 
1259 48 10 
1260 48 11 
1261 48 12 
1262 48 13 
1263 48 14 
1264 48 15 
1265 48 16 
1266 48 17 
1267 48 18 
1268 48 19 
1269 48 20 
1270 48 21 
1271 48 22 
1272 48 23 
1273 48 24 
1274 48 25 
1275 49 0 
1276 49 1 
1277 49 2 
1278 49 3 
1279 49 4 
1280 49 5 
1281 49 6 
1282 49 7 
1283 49 8 
1284 49 9 
1285 49 10 
1286 49 11 
1287 49 12 
1288 49 13 
1289 49 14 
1290 49 15 
1291 49 16 
1292 49 17 
1293 49 18 
1294 49 19 
1295 49 20 
1296 49 21 
1297 49 22 
1298 49 23 
1299 49 24 
1300 49 25 
1301 50 0 
1302 50 1 
1303 50 2 
1304 50 3 
1305 50 4 
1306 50 5 
1307 50 6 
1308 50 7 
1309 50 8 
1310 50 9 
1311 50 10 
1312 50 11 
1313 50 12 
1314 50 13 
1315 50 14 
1316 50 15 
1317 50 16 
1318 50 17 
1319 50 18 
1320 50 19 
1321 50 20 
1322 50 21 
1323 50 22 
1324 50 23 
1325 50 24 
1326 50 25 
1327 51 0 
1328 51 1 
1329 51 2 
1330 51 3 
1331 51 4 
1332 51 5 
1333 51 6 
1334 51 7 
1335 51 8 
1336 51 9 
1337 51 10 
1338 51 11 
1339 51 12 
1340 51 13 
1341 51 14 
1342 51 15 
1343 51 16 
1344 51 17 
1345 51 18 
1346 51 19 
1347 51 20 
1348 51 21 
1349 51 22 
1350 51 23 
1351 51 24 
1352 51 25 
1353 52 0 
1354 52 1 
1355 52 2 
1356 52 3 
1357 52 4 
1358 52 5 
1359 52 6 
1360 52 7 
1361 52 8 
1362 52 9 
1363 52 10 
1364 52 11 
1365 52 12 
1366 52 13 
1367 52 14 
1368 52 15 
1369 52 16 
1370 52 17 
1371 52 18 
1372 52 19 
1373 52 20 
1374 52 21 
1375 52 22 
1376 52 23 
1377 52 24 
1378 52 25 
1379 53 0 
1380 53 1 
1381 53 2 
1382 53 3 
1383 53 4 
1384 53 5 
1385 53 6 
1386 53 7 
1387 53 8 
1388 53 9 
1389 53 10 
1390 53 11 
1391 53 12 
1392 53 13 
1393 53 14 
1394 53 15 
1395 53 16 
1396 53 17 
1397 53 18 
1398 53 19 
1399 53 20 
1400 53 21 
1401 53 22 
1402 53 23 
1403 53 24 
1404 53 25 
1405 54 0 
1406 54 1 
1407 54 2 
1408 54 3 
1409 54 4 
1410 54 5 
1411 54 6 
1412 54 7 
1413 54 8 
1414 54 9 
1415 54 10 
1416 54 11 
1417 54 12 
1418 54 13 
1419 54 14 
1420 54 15 
1421 54 16 
1422 54 17 
1423 54 18 
1424 54 19 
1425 54 20 
1426 54 21 
1427 54 22 
1428 54 23 
1429 54 24 
1430 54 25 
1431 55 0 
1432 55 1 
1433 55 2 
1434 55 3 
1435 55 4 
1436 55 5 
1437 55 6 
1438 55 7 
1439 55 8 
1440 55 9 
1441 55 10 
1442 55 11 
1443 55 12 
1444 55 13 
1445 55 14 
1446 55 15 
1447 55 16 
1448 55 17 
1449 55 18 
1450 55 19 
1451 55 20 
1452 55 21 
1453 55 22 
1454 55 23 
1455 55 24 
1456 55 25 
1457 56 0 
1458 56 1 
1459 56 2 
1460 56 3 
1461 56 4 
1462 56 5 
1463 56 6 
1464 56 7 
1465 56 8 
1466 56 9 
1467 56 10 
1468 56 11 
1469 56 12 
1470 56 13 
1471 56 14 
1472 56 15 
1473 56 16 
1474 56 17 
1475 56 18 
1476 56 19 
1477 56 20 
1478 56 21 
1479 56 22 
1480 56 23 
1481 56 24 
1482 56 25 
1483 57 0 
1484 57 1 
1485 57 2 
1486 57 3 
1487 57 4 
1488 57 5 
1489 57 6 
1490 57 7 
1491 57 8 
1492 57 9 
1493 57 10 
1494 57 11 
1495 57 12 
1496 57 13 
1497 57 14 
1498 57 15 
1499 57 16 
1500 57 17 
1501 57 18 
1502 57 19 
1503 57 20 
1504 57 21 
1505 57 22 
1506 57 23 
1507 57 24 
1508 57 25 
1509 58 0 
1510 58 1 
1511 58 2 
1512 58 3 
1513 58 4 
1514 58 5 
1515 58 6 
1516 58 7 
1517 58 8 
1518 58 9 
1519 58 10 
1520 58 11 
1521 58 12 
1522 58 13 
1523 58 14 
1524 58 15 
1525 58 16 
1526 58 17 
1527 58 18 
1528 58 19 
1529 58 20 
1530 58 21 
1531 58 22 
1532 58 23 
1533 58 24 
1534 58 25 
1535 59 0 
1536 59 1 
1537 59 2 
1538 59 3 
1539 59 4 
1540 59 5 
1541 59 6 
1542 59 7 
1543 59 8 
1544 59 9 
1545 59 10 
1546 59 11 
1547 59 12 
1548 59 13 
1549 59 14 
1550 59 15 
1551 59 16 
1552 59 17 
1553 59 18 
1554 59 19 
1555 59 20 
1556 59 21 
1557 59 22 
1558 59 23 
1559 59 24 
1560 59 25 
1561 60 0 
1562 60 1 
1563 60 2 
1564 60 3 
1565 60 4 
1566 60 5 
1567 60 6 
1568 60 7 
1569 60 8 
1570 60 9 
1571 60 10 
1572 60 11 
1573 60 12 
1574 60 13 
1575 60 14 
1576 60 15 
1577 60 16 
1578 60 17 
1579 60 18 
1580 60 19 
1581 60 20 
1582 60 21 
1583 60 22 
1584 60 23 
1585 60 24 
1586 60 25 
1587 61 0 
1588 61 1 
1589 61 2 
1590 61 3 
1591 61 4 
1592 61 5 
1593 61 6 
1594 61 7 
1595 61 8 
1596 61 9 
1597 61 10 
1598 61 11 
1599 61 12 
1600 61 13 
1601 61 14 
1602 61 15 
1603 61 16 
1604 61 17 
1605 61 18 
1606 61 19 
1607 61 20 
1608 61 21 
1609 61 22 
1610 61 23 
1611 61 24 
1612 61 25 
1613 62 0 
1614 62 1 
1615 62 2 
1616 62 3 
1617 62 4 
1618 62 5 
1619 62 6 
1620 62 7 
1621 62 8 
1622 62 9 
1623 62 10 
1624 62 11 
1625 62 12 
1626 62 13 
1627 62 14 
1628 62 15 
1629 62 16 
1630 62 17 
1631 62 18 
1632 62 19 
1633 62 20 
1634 62 21 
1635 62 22 
1636 62 23 
1637 62 24 
1638 62 25 
1639 63 0 
1640 63 1 
1641 63 2 
1642 63 3 
1643 63 4 
1644 63 5 
1645 63 6 
1646 63 7 
1647 63 8 
1648 63 9 
1649 63 10 
1650 63 11 
1651 63 12 
1652 63 13 
1653 63 14 
1654 63 15 
1655 63 16 
1656 63 17 
1657 63 18 
1658 63 19 
1659 63 20 
1660 63 21 
1661 63 22 
1662 63 23 
1663 63 24 
1664 63 25 
1665 64 0 
1666 64 1 
1667 64 2 
1668 64 3 
1669 64 4 
1670 64 5 
1671 64 6 
1672 64 7 
1673 64 8 
1674 64 9 
1675 64 10 
1676 64 11 
1677 64 12 
1678 64 13 
1679 64 14 
1680 64 15 
1681 64 16 
1682 64 17 
1683 64 18 
1684 64 19 
1685 64 20 
1686 64 21 
1687 64 22 
1688 64 23 
1689 64 24 
1690 64 25 
1691 65 0 
1692 65 1 
1693 65 2 
1694 65 3 
1695 65 4 
1696 65 5 
1697 65 6 
1698 65 7 
1699 65 8 
1700 65 9 
1701 65 10 
1702 65 11 
1703 65 12 
1704 65 13 
1705 65 14 
1706 65 15 
1707 65 16 
1708 65 17 
1709 65 18 
1710 65 19 
1711 65 20 
1712 65 21 
1713 65 22 
1714 65 23 
1715 65 24 
1716 65 25 
1717 66 0 
1718 66 1 
1719 66 2 
1720 66 3 
1721 66 4 
1722 66 5 
1723 66 6 
1724 66 7 
1725 66 8 
1726 66 9 
1727 66 10 
1728 66 11 
1729 66 12 
1730 66 13 
1731 66 14 
1732 66 15 
1733 66 16 
1734 66 17 
1735 66 18 
1736 66 19 
1737 66 20 
1738 66 21 
1739 66 22 
1740 66 23 
1741 66 24 
1742 66 25 
1743 67 0 
1744 67 1 
1745 67 2 
1746 67 3 
1747 67 4 
1748 67 5 
1749 67 6 
1750 67 7 
1751 67 8 
1752 67 9 
1753 67 10 
1754 67 11 
1755 67 12 
1756 67 13 
1757 67 14 
1758 67 15 
1759 67 16 
1760 67 17 
1761 67 18 
1762 67 19 
1763 67 20 
1764 67 21 
1765 67 22 
1766 67 23 
1767 67 24 
1768 67 25 
1769 68 0 
1770 68 1 
1771 68 2 
1772 68 3 
1773 68 4 
1774 68 5 
1775 68 6 
1776 68 7 
1777 68 8 
1778 68 9 
1779 68 10 
1780 68 11 
1781 68 12 
1782 68 13 
1783 68 14 
1784 68 15 
1785 68 16 
1786 68 17 
1787 68 18 
1788 68 19 
1789 68 20 
1790 68 21 
1791 68 22 
1792 68 23 
1793 68 24 
1794 68 25 
1795 69 0 
1796 69 1 
1797 69 2 
1798 69 3 
1799 69 4 
1800 69 5 
1801 69 6 
1802 69 7 
1803 69 8 
1804 69 9 
1805 69 10 
1806 69 11 
1807 69 12 
1808 69 13 
1809 69 14 
1810 69 15 
1811 69 16 
1812 69 17 
1813 69 18 
1814 69 19 
1815 69 20 
1816 69 21 
1817 69 22 
1818 69 23 
1819 69 24 
1820 69 25 
1821 70 0 
1822 70 1 
1823 70 2 
1824 70 3 
1825 70 4 
1826 70 5 
1827 70 6 
1828 70 7 
1829 70 8 
1830 70 9 
1831 70 10 
1832 70 11 
1833 70 12 
1834 70 13 
1835 70 14 
1836 70 15 
1837 70 16 
1838 70 17 
1839 70 18 
1840 70 19 
1841 70 20 
1842 70 21 
1843 70 22 
1844 70 23 
1845 70 24 
1846 70 25 
1847 71 0 
1848 71 1 
1849 71 2 
1850 71 3 
1851 71 4 
1852 71 5 
1853 71 6 
1854 71 7 
1855 71 8 
1856 71 9 
1857 71 10 
1858 71 11 
1859 71 12 
1860 71 13 
1861 71 14 
1862 71 15 
1863 71 16 
1864 71 17 
1865 71 18 
1866 71 19 
1867 71 20 
1868 71 21 
1869 71 22 
1870 71 23 
1871 71 24 
1872 71 25 
1873 72 0 
1874 72 1 
1875 72 2 
1876 72 3 
1877 72 4 
1878 72 5 
1879 72 6 
1880 72 7 
1881 72 8 
1882 72 9 
1883 72 10 
1884 72 11 
1885 72 12 
1886 72 13 
1887 72 14 
1888 72 15 
1889 72 16 
1890 72 17 
1891 72 18 
1892 72 19 
1893 72 20 
1894 72 21 
1895 72 22 
1896 72 23 
1897 72 24 
1898 72 25 
1899 73 0 
1900 73 1 
1901 73 2 
1902 73 3 
1903 73 4 
1904 73 5 
1905 73 6 
1906 73 7 
1907 73 8 
1908 73 9 
1909 73 10 
1910 73 11 
1911 73 12 
1912 73 13 
1913 73 14 
1914 73 15 
1915 73 16 
1916 73 17 
1917 73 18 
1918 73 19 
1919 73 20 
1920 73 21 
1921 73 22 
1922 73 23 
1923 73 24 
1924 73 25 
1925 74 0 
1926 74 1 
1927 74 2 
1928 74 3 
1929 74 4 
1930 74 5 
1931 74 6 
1932 74 7 
1933 74 8 
1934 74 9 
1935 74 10 
1936 74 11 
1937 74 12 
1938 74 13 
1939 74 14 
1940 74 15 
1941 74 16 
1942 74 17 
1943 74 18 
1944 74 19 
1945 74 20 
1946 74 21 
1947 74 22 
1948 74 23 
1949 74 24 
1950 74 25 
1951 75 0 
1952 75 1 
1953 75 2 
1954 75 3 
1955 75 4 
1956 75 5 
1957 75 6 
1958 75 7 
1959 75 8 
1960 75 9 
1961 75 10 
1962 75 11 
1963 75 12 
1964 75 13 
1965 75 14 
1966 75 15 
1967 75 16 
1968 75 17 
1969 75 18 
1970 75 19 
1971 75 20 
1972 75 21 
1973 75 22 
1974 75 23 
1975 75 24 
1976 75 25 
Specify the number of displacement boundary conditions
27
Specify Node_number DoF Value
1 1 0 
2 1 0 
3 1 0 
4 1 0 
5 1 0 
6 1 0 
7 1 0 
8 1 0 
9 1 0 
10 1 0 
11 1 0 
12 1 0 
13 1 0 
14 1 0 
15 1 0 
16 1 0 
17 1 0 
18 1 0 
19 1 0 
20 1 0 
21 1 0 
22 1 0 
23 1 0 
24 1 0 
25 1 0 
26 1 0 
1951 2 0 
Specify the number of force boundary conditions
1
Specify Node_number DoF Value
26 2 1 